,the,economy,of,in,to,a,and,is,on,economic,that,for,as,by,has,at,it,growth,said,with,year,from,its,are,will,us,an,be,global,this,but,new,have,china,more,percent,world,than,quarter,was,about,government,country,not,bank,minister,first,last,2015,2016,been,which,up,over,years,oil,he,after,according,would,market,rate,president,state,could,one,data,we,grew,business,his,expected,prices,their,if,may,into,says,financial,per,there,report,jobs,european,while,most,what,federal,three,central,since,out,cent,two,some,months,our,when,they,markets
the,0,20937,15686,14734,14512,13357,12623,8449,7230,7090,6642,6314,5037,4388,4458,3953,3683,3721,3735,3605,3420,3337,3119,3084,3094,3240,2697,2749,2706,2653,2729,2437,2399,2044,2199,1821,2240,2146,2019,2033,1907,1885,1864,1640,1603,1402,1652,1529,1422,1364,1340,1384,1342,1391,1348,1213,1173,1332,1336,1190,1230,1225,1173,1217,1167,1180,1146,964,1167,1028,919,1048,962,881,989,954,1007,939,1018,795,956,997,925,988,937,945,833,944,921,871,900,836,677,862,835,883,634,800,738,801
economy,20937,0,11604,11738,11877,11197,10045,7019,5885,2080,5314,4959,4221,3783,3527,3106,3019,2741,3242,2904,2947,2746,2752,2420,2475,2762,2240,2241,2353,2184,2295,1965,1829,1858,1937,1691,1780,1917,1844,1650,1533,1450,1384,1324,1257,1294,1352,1238,1286,1135,1039,1068,1084,1112,1137,1009,992,1128,1162,987,992,1078,887,945,998,884,960,766,1199,812,747,969,829,680,847,814,866,828,763,697,750,792,827,741,752,694,673,713,816,688,707,656,600,644,674,787,593,652,553,600
of,15686,11604,0,8401,8047,8285,7380,4725,4176,4360,3612,3430,2926,2463,2562,2402,2112,2306,2224,2098,2076,1909,1889,1782,1659,1731,1756,1529,1449,1602,1552,1394,1379,1191,1178,1172,1253,1196,1204,1185,1082,1016,973,897,1098,863,1055,924,934,821,775,850,781,791,846,712,646,786,770,631,667,782,722,898,592,951,688,526,726,577,589,588,494,569,466,522,545,497,583,533,588,525,468,528,531,628,431,485,656,484,562,599,453,556,523,647,436,450,412,407
in,14734,11738,8401,0,7901,8353,6933,4426,3812,3869,3466,3192,2978,2750,2365,2403,1899,2632,2258,2072,2282,1966,2000,1606,1648,1891,1734,1479,1478,1554,1520,1349,1313,1336,1335,1511,1380,1514,1870,1282,950,1006,1008,828,854,771,1291,995,1292,1123,722,837,796,753,1008,794,522,849,817,591,662,855,539,614,636,652,817,486,1068,574,509,824,674,515,483,622,459,487,593,598,524,590,540,467,528,546,461,486,714,507,550,510,529,568,495,778,339,409,355,516
to,14512,11877,8047,7901,0,8068,7172,5017,4028,3803,3579,3284,2965,2549,2527,1920,2320,2267,2224,2055,2052,2133,2004,1850,1821,1604,1721,2021,1453,1622,1511,1471,1457,1224,1401,1077,1163,1169,983,1070,931,1206,1038,927,967,920,820,765,758,833,680,815,929,750,739,720,705,750,1425,718,671,718,685,630,673,622,654,605,507,617,603,880,580,613,640,549,556,477,582,490,530,585,515,708,470,467,559,502,510,559,433,557,418,421,470,473,410,496,450,381
a,13357,11197,8285,8353,8068,0,6653,4566,3995,3429,3690,3692,2973,2513,2446,2386,1961,2051,2078,2103,2125,1983,1637,1527,1560,1710,1400,1513,1506,1395,1574,1642,1372,1187,1234,1072,1127,1289,1180,1175,931,967,926,845,800,757,858,857,739,732,744,762,744,788,730,657,601,855,805,753,712,769,537,575,725,622,643,523,662,593,475,650,536,449,574,509,566,482,540,408,570,719,495,578,492,415,445,456,531,462,437,473,356,447,425,517,341,442,360,381
and,12623,10045,7380,6933,7172,6653,0,4084,3603,3729,3020,3242,2601,2132,2044,1848,1799,2034,1746,1908,1568,1666,1619,1873,1596,1586,1339,1339,1487,1295,1162,1275,1313,1192,1159,869,1032,926,786,896,986,899,777,704,729,708,675,685,686,624,663,574,711,713,668,779,584,556,589,548,691,545,551,591,579,486,538,521,497,614,433,521,695,580,464,405,482,416,616,331,486,453,599,463,393,444,436,471,382,392,400,418,288,469,388,361,403,355,432,536
is,8449,7019,4725,4426,5017,4566,4084,0,2164,2145,2605,1991,1463,1289,1050,1142,1641,1285,1271,1133,968,1004,1076,965,788,990,960,887,899,1115,1145,842,637,707,644,456,768,639,322,365,547,583,651,770,490,409,379,322,317,425,344,563,466,350,394,374,345,401,419,217,390,361,347,318,231,532,292,376,108,315,279,565,274,244,372,233,316,422,310,241,523,296,268,248,356,329,419,251,175,244,234,277,210,234,286,163,321,309,171,222
on,7230,5885,4176,3812,4028,3995,3603,2164,0,1805,1841,1748,1408,1284,1069,1075,972,1008,1649,1056,947,931,1141,813,968,841,917,828,787,709,742,685,715,714,634,639,603,525,594,646,516,647,519,435,574,635,454,384,429,431,292,407,433,372,306,410,468,451,273,401,370,327,463,382,310,281,483,238,328,257,415,338,333,306,252,284,240,182,293,199,204,328,226,382,299,212,246,304,271,309,223,251,160,246,238,241,159,184,224,302
economic,7090,2080,4360,3869,3803,3429,3729,2145,1805,0,1825,1816,1241,1049,1259,981,898,1839,1067,962,806,847,839,882,914,670,895,738,740,727,691,575,754,729,464,434,538,386,327,503,452,502,555,470,353,435,320,338,354,417,419,393,348,339,346,277,302,267,337,326,258,242,350,291,279,317,376,281,134,304,300,217,216,220,228,219,207,197,278,179,268,301,159,213,231,267,193,194,168,191,237,213,147,232,206,161,181,169,199,192
that,6642,5314,3612,3466,3579,3690,3020,2605,1841,1825,0,1564,1020,1007,1342,902,1300,915,1254,799,725,899,783,946,994,910,814,915,701,744,804,600,735,497,570,381,569,497,325,666,419,490,467,578,392,434,350,403,305,294,395,284,322,307,337,264,423,319,224,537,358,304,316,250,486,345,318,402,224,242,312,180,210,230,347,287,250,217,268,150,387,305,269,242,254,235,225,300,209,206,188,310,125,199,287,173,221,227,216,214
for,6314,4959,3430,3192,3284,3692,3242,1991,1748,1816,1564,0,1339,982,1129,882,1036,1090,927,900,961,787,923,838,727,725,760,855,727,709,734,591,579,538,613,424,574,455,414,475,394,413,410,364,383,373,444,358,356,419,445,372,365,326,457,317,293,304,300,325,319,309,262,220,306,272,307,230,255,278,267,211,271,263,217,242,217,200,235,167,305,207,245,244,230,227,252,246,240,180,237,212,130,225,240,236,182,186,189,198
as,5037,4221,2926,2978,2965,2973,2601,1463,1408,1241,1020,1339,0,899,823,695,800,855,690,648,843,654,861,608,551,606,646,543,626,531,458,486,458,549,474,445,493,470,583,425,350,414,394,314,330,308,353,386,349,260,268,206,290,292,303,362,243,270,172,207,277,256,203,217,230,210,249,202,315,254,194,281,313,239,134,189,206,114,214,132,154,143,181,207,156,178,145,178,200,191,195,185,108,213,161,194,97,108,198,185
by,4388,3783,2463,2750,2549,2513,2132,1289,1284,1049,1007,982,899,0,760,609,561,750,767,605,908,703,662,403,540,445,550,516,392,524,389,451,322,362,407,774,371,529,613,495,232,378,360,237,334,272,345,390,441,316,328,351,275,274,288,271,135,282,403,228,203,281,153,180,267,172,281,88,495,168,127,318,220,137,138,169,165,129,176,317,83,249,138,213,136,146,80,129,230,211,163,141,280,153,113,208,61,90,78,116
has,4458,3527,2562,2365,2527,2446,2044,1050,1069,1259,1342,1129,823,760,0,506,735,692,664,622,549,481,696,361,332,411,540,386,447,446,528,415,346,362,407,220,430,345,168,209,269,404,422,308,269,316,199,256,174,215,1017,360,253,345,351,282,235,192,154,144,217,152,269,228,159,222,142,109,97,131,235,96,221,86,144,115,196,123,190,117,177,179,125,150,183,164,155,121,124,150,308,137,94,165,176,136,112,98,78,128
at,3953,3106,2402,2403,1920,2386,1848,1142,1075,981,902,882,695,609,506,0,519,654,645,448,676,458,588,398,434,593,564,378,405,477,395,363,303,425,318,490,375,493,568,345,288,255,230,258,284,176,380,304,341,307,187,201,169,214,286,143,185,178,209,148,174,496,161,153,146,152,271,157,473,160,164,242,141,141,126,164,127,140,152,190,103,132,129,104,146,101,147,127,214,138,218,115,166,171,109,177,84,146,105,141
it,3683,3019,2112,1899,2320,1961,1799,1641,972,898,1300,1036,800,561,735,519,0,480,642,462,407,429,568,385,581,401,431,631,391,422,671,275,378,302,365,193,336,357,186,454,302,231,218,461,209,114,208,190,163,141,253,207,187,157,220,136,142,183,112,288,168,134,114,125,240,223,129,202,120,125,97,123,106,110,336,182,160,186,143,105,173,109,108,149,154,109,191,140,128,117,144,155,83,120,165,118,160,311,126,100
growth,3721,2741,2306,2632,2267,2051,2034,1285,1008,1839,915,1090,855,750,692,654,480,0,726,612,925,587,680,382,516,534,389,399,579,509,504,320,285,519,332,574,407,386,655,375,218,273,266,218,342,157,373,305,503,304,235,210,264,244,329,147,118,250,203,143,148,415,113,96,176,107,258,92,304,140,69,300,152,84,117,177,98,127,174,295,109,161,132,97,198,126,74,107,261,172,176,112,266,139,96,243,59,72,61,115
said,3735,3242,2224,2258,2224,2078,1746,1271,1649,1067,1254,927,690,767,664,645,642,726,0,488,659,535,638,360,625,370,485,546,448,449,419,309,314,374,336,549,364,375,336,550,218,420,410,321,488,593,241,255,258,214,138,193,202,208,152,178,512,246,76,397,181,246,299,186,208,122,147,123,223,124,202,267,143,70,166,129,142,52,190,135,147,176,120,219,145,114,70,209,173,246,137,87,119,105,114,155,92,104,95,117
with,3605,2904,2098,2072,2055,2103,1908,1133,1056,962,799,900,648,605,622,448,462,612,488,0,557,480,530,429,402,425,502,391,384,403,359,361,328,320,319,333,296,264,263,301,227,267,255,222,217,235,246,218,245,205,212,166,267,217,173,193,166,172,157,150,172,165,189,179,156,148,219,135,165,172,146,157,187,136,104,134,139,116,140,125,103,119,123,145,117,146,114,117,164,140,104,125,103,139,140,140,95,83,83,130
year,3420,2947,2076,2282,2052,2125,1568,968,947,806,725,961,843,908,549,676,407,925,659,557,0,590,582,283,542,365,345,342,307,1169,414,390,229,382,364,750,303,544,607,322,209,298,270,139,294,174,468,729,397,330,185,177,230,253,175,186,95,258,261,137,184,244,101,114,154,125,221,80,430,95,70,351,184,82,93,114,140,104,170,306,78,167,101,62,117,96,81,90,278,139,216,120,281,116,103,240,41,87,65,95
from,3337,2746,1909,1966,2133,1983,1666,1004,931,847,899,787,654,703,481,458,429,587,535,480,590,0,525,395,414,466,426,317,410,356,332,329,264,356,273,504,296,293,398,352,216,226,246,200,245,171,268,238,247,210,138,216,219,180,191,225,121,194,256,169,194,207,91,132,172,140,294,100,284,144,122,185,155,103,100,150,112,123,132,134,106,200,114,226,130,105,91,142,180,147,109,126,115,98,109,171,72,100,83,98
its,3119,2752,1889,2000,2004,1637,1619,1076,1141,839,783,923,861,662,696,588,568,680,638,530,582,525,0,255,388,273,346,310,312,350,347,273,199,471,310,390,364,316,370,247,205,331,273,168,361,173,276,236,263,220,176,196,198,177,347,226,83,234,144,148,189,293,98,147,158,145,193,33,259,151,43,131,158,53,101,137,134,128,167,126,73,144,64,172,130,110,62,110,188,205,248,119,106,159,82,142,25,91,45,101
are,3084,2420,1782,1606,1850,1527,1873,965,813,882,946,838,608,403,361,398,385,382,360,429,283,395,255,0,268,335,332,299,333,326,454,325,287,273,362,90,228,241,70,72,341,163,181,258,120,109,101,119,77,150,130,201,188,191,124,167,86,129,166,79,177,84,100,124,90,126,92,280,27,138,71,130,181,276,137,70,135,126,136,48,354,91,136,88,182,160,157,69,71,70,66,123,36,152,206,55,145,130,277,141
will,3094,2475,1659,1648,1821,1560,1596,788,968,914,994,727,551,540,332,434,581,516,625,402,542,414,388,268,0,332,297,894,334,544,347,346,318,294,258,196,250,209,102,88,171,255,246,264,244,278,168,89,119,311,78,207,167,189,182,143,176,124,186,92,137,129,175,124,90,124,126,168,25,143,113,110,115,111,198,83,133,160,111,94,105,127,103,176,78,88,100,155,55,130,36,112,76,115,104,67,99,93,90,77
us,3240,2762,1731,1891,1604,1710,1586,990,841,670,910,725,606,445,411,593,401,534,370,425,365,466,273,335,332,0,276,278,403,327,396,272,250,160,329,245,199,369,383,215,286,111,76,198,134,31,276,219,165,180,153,121,176,180,169,124,115,199,177,112,265,368,176,111,156,124,236,115,181,109,95,138,105,96,130,156,124,94,156,45,87,167,274,65,128,128,85,444,134,73,124,98,34,129,107,175,65,97,75,164
an,2697,2240,1756,1734,1721,1400,1339,960,917,895,814,760,646,550,540,564,431,389,485,502,345,426,346,332,297,276,0,332,212,268,321,271,288,206,209,271,206,218,246,251,164,231,178,212,151,167,140,179,168,121,146,167,200,160,151,158,142,175,166,159,125,243,129,131,158,128,148,105,163,108,121,98,114,84,112,102,123,99,110,103,119,114,87,101,91,74,100,99,114,66,87,113,84,88,77,116,60,95,86,65
be,2749,2241,1529,1479,2021,1513,1339,887,828,738,915,855,543,516,386,378,631,399,546,391,342,317,310,299,894,278,332,0,263,357,451,233,203,209,261,153,268,220,130,162,182,182,193,300,167,190,127,107,116,183,91,199,152,147,167,103,191,149,138,453,145,134,122,100,341,151,103,147,63,93,94,159,77,98,260,347,122,135,74,49,219,95,80,151,108,101,156,76,72,99,57,133,39,82,105,78,105,113,119,67
global,2706,2353,1449,1478,1453,1506,1487,899,787,740,701,727,626,392,447,405,391,579,448,384,307,410,312,333,334,403,212,263,0,295,302,219,238,383,212,145,459,151,100,178,300,97,95,168,219,111,119,141,140,153,134,130,133,198,143,237,90,158,131,103,188,102,79,68,191,112,109,76,68,94,49,75,207,78,101,82,101,83,374,39,102,95,45,163,120,101,71,129,64,113,129,70,37,81,72,75,35,57,79,309
this,2653,2184,1602,1554,1622,1395,1295,1115,709,727,744,709,531,524,446,477,422,509,449,403,1169,356,350,326,544,327,268,357,295,0,375,231,244,234,259,304,245,265,179,184,212,190,163,233,221,128,185,159,140,162,181,141,130,122,120,86,111,145,135,144,135,121,86,68,115,148,110,164,92,91,91,235,87,85,126,91,124,88,122,120,116,105,73,74,101,74,150,94,73,96,105,105,113,84,99,62,116,70,62,81
but,2729,2295,1552,1520,1511,1574,1162,1145,742,691,804,734,458,389,528,395,671,504,419,359,414,332,347,454,347,396,321,451,302,375,0,247,328,274,304,151,230,286,223,278,204,179,184,487,145,99,201,160,151,138,210,101,172,199,166,138,137,95,110,134,160,170,83,119,144,165,158,101,136,101,79,132,140,109,117,207,125,99,107,57,211,91,100,94,82,120,139,107,74,67,120,90,43,77,172,94,88,97,119,89
new,2437,1965,1394,1349,1471,1642,1275,842,685,575,600,591,486,451,415,363,275,320,309,361,390,329,273,325,346,272,271,233,219,231,247,0,174,180,237,141,184,206,128,140,169,209,145,122,103,175,125,145,131,163,95,141,138,135,124,69,78,104,252,78,113,113,107,103,111,82,126,86,83,143,75,99,59,82,58,92,109,129,73,107,79,260,163,67,89,77,64,76,63,60,61,87,85,72,86,66,65,79,66,62
have,2399,1829,1379,1313,1457,1372,1313,637,715,754,735,579,458,322,346,303,378,285,314,328,229,264,199,287,318,250,288,203,238,244,328,174,0,205,217,88,167,164,105,123,183,134,178,227,96,100,119,118,87,111,461,144,132,162,172,156,83,101,114,168,109,69,67,92,144,104,90,263,40,77,62,76,164,160,130,190,96,73,126,38,108,55,58,122,114,82,99,66,55,76,118,74,30,105,134,73,122,77,150,110
china,2044,1858,1191,1336,1224,1187,1192,707,714,729,497,538,549,362,362,425,302,519,374,320,382,356,471,273,294,160,206,209,383,234,274,180,205,0,207,194,392,157,221,170,223,143,164,142,143,59,171,136,147,159,110,94,166,180,136,75,81,105,72,90,264,112,61,73,76,83,189,25,169,48,36,90,96,68,52,125,56,53,131,53,73,42,22,92,120,50,51,17,34,81,84,78,51,70,73,51,13,56,45,192
more,2199,1937,1178,1335,1401,1234,1159,644,634,464,570,613,474,407,407,318,365,332,336,319,364,273,310,362,258,329,209,261,212,259,304,237,217,207,0,201,187,1121,271,165,203,195,122,124,156,87,172,145,93,126,130,103,163,112,204,87,77,124,135,80,156,148,64,86,169,96,99,82,169,110,57,187,98,101,138,122,103,77,94,62,80,83,143,63,70,63,76,79,92,100,97,84,52,120,78,87,60,57,88,65
percent,1821,1691,1172,1511,1077,1072,869,456,639,434,381,424,445,774,220,490,193,574,549,333,750,504,390,90,196,245,271,153,145,304,151,141,88,194,201,0,190,352,628,225,117,209,163,48,202,86,270,295,398,195,59,143,110,119,145,99,47,147,171,100,66,336,51,71,69,67,255,17,503,39,25,224,93,29,54,60,43,51,71,15,27,82,68,65,83,51,29,56,225,109,137,62,1,58,40,203,10,32,20,41
world,2240,1780,1253,1380,1163,1127,1032,768,603,538,569,574,493,371,430,375,336,407,364,296,303,296,364,228,250,199,206,268,459,245,230,184,167,392,187,190,0,149,121,144,142,105,107,119,235,93,97,133,132,158,110,135,120,141,146,125,60,154,118,107,106,70,60,84,106,106,92,55,80,64,44,82,92,63,86,86,76,46,178,39,85,74,33,85,79,107,44,54,62,97,93,75,31,86,57,31,31,59,40,177
than,2146,1917,1196,1514,1169,1289,926,639,525,386,497,455,470,529,345,493,357,386,375,264,544,293,316,241,209,369,218,220,151,265,286,206,164,157,1121,352,149,0,522,245,137,208,138,107,154,101,286,214,205,136,125,121,113,121,225,85,81,136,181,82,93,205,61,85,126,82,165,46,362,92,52,502,86,81,82,123,66,70,75,116,61,92,113,72,58,80,64,59,159,63,106,67,104,131,54,131,40,61,81,54
quarter,2019,1844,1204,1870,983,1180,786,322,594,327,325,414,583,613,168,568,186,655,336,263,607,398,370,70,102,383,246,130,100,179,223,128,105,221,271,628,121,522,0,260,62,200,105,85,133,48,729,307,338,165,42,99,111,91,161,49,20,191,146,34,70,283,18,44,57,34,320,13,684,89,10,269,52,29,10,102,59,42,70,185,18,42,15,22,75,49,30,41,255,84,115,58,181,68,38,197,2,46,16,43
was,2033,1650,1185,1282,1070,1175,896,365,646,503,666,475,425,495,209,345,454,375,550,301,322,352,247,72,88,215,251,162,178,184,278,140,123,170,165,225,144,245,260,0,155,165,168,164,149,191,201,217,182,90,78,188,130,120,111,96,207,140,76,118,107,120,112,97,75,140,114,43,131,59,109,118,72,36,79,77,88,43,84,85,132,83,70,56,92,81,84,90,91,75,105,86,63,64,46,84,31,161,40,66
about,1907,1533,1082,950,931,931,986,547,516,452,419,394,350,232,269,288,302,218,218,227,209,216,205,341,171,286,164,182,300,212,204,169,183,223,203,117,142,137,62,155,0,101,105,131,131,65,72,104,49,72,118,110,68,74,61,89,115,114,68,59,122,64,100,119,79,89,62,101,26,95,100,54,77,127,88,60,64,60,90,37,127,48,59,76,64,73,139,85,36,74,54,54,28,68,72,64,55,56,91,95
government,1885,1450,1016,1006,1206,967,899,583,647,502,490,413,414,378,404,255,231,273,420,267,298,226,331,163,255,111,231,182,97,190,179,209,134,143,195,209,105,208,200,165,101,0,149,114,76,222,143,95,89,107,89,132,135,98,114,92,94,118,78,102,38,71,83,72,81,66,92,41,131,83,91,98,70,39,57,74,79,110,51,50,52,69,45,19,70,38,56,100,77,60,60,79,44,50,44,56,27,45,28,34
country,1864,1384,973,1008,1038,926,777,651,519,555,467,410,394,360,422,230,218,266,410,255,270,246,273,181,246,76,178,193,95,163,184,145,178,164,122,163,107,138,105,168,105,149,0,98,132,213,81,115,121,85,99,108,86,75,107,120,113,126,100,105,62,53,135,82,86,63,58,34,75,35,120,59,89,37,66,39,80,103,75,60,64,49,42,77,67,81,36,32,33,92,59,66,50,54,43,39,27,54,33,29
not,1640,1324,897,828,927,845,704,770,435,470,578,364,314,237,308,258,461,218,321,222,139,200,168,258,264,198,212,300,168,233,487,122,227,142,124,48,119,107,85,164,131,114,98,0,74,115,81,60,71,64,127,86,81,70,80,81,123,77,41,113,99,70,60,67,83,93,71,132,31,45,59,64,66,56,101,104,58,71,74,24,98,44,54,55,68,68,82,52,45,34,64,68,16,18,75,42,68,62,56,51
bank,1603,1257,1098,854,967,800,729,490,574,353,392,383,330,334,269,284,209,342,488,217,294,245,361,120,244,134,151,167,219,221,145,103,96,143,156,202,235,154,133,149,131,76,132,74,0,42,108,97,104,100,54,88,96,73,59,77,86,130,70,82,63,188,128,47,64,44,75,25,82,41,26,103,92,41,63,81,48,95,87,73,44,78,14,153,52,48,31,102,98,646,55,44,67,56,45,82,11,33,23,56
minister,1402,1294,863,771,920,757,708,409,635,435,434,373,308,272,316,176,114,157,593,235,174,171,173,109,278,31,167,190,111,128,99,175,100,59,87,86,93,101,48,191,65,222,213,115,42,0,52,83,60,91,47,76,69,80,63,75,236,115,38,127,37,40,66,53,38,39,40,26,30,37,209,62,48,26,43,43,62,73,49,22,48,16,19,99,43,31,36,55,46,33,32,60,17,43,33,28,17,45,11,32
first,1652,1352,1055,1291,820,858,675,379,454,320,350,444,353,345,199,380,208,373,241,246,468,268,276,101,168,276,140,127,119,185,201,125,119,171,172,270,97,286,729,201,72,143,81,81,108,52,0,111,108,237,38,86,82,102,170,59,36,140,101,45,61,166,38,44,35,46,182,40,307,60,60,139,51,52,30,72,71,25,50,90,60,54,25,50,57,42,44,69,252,59,168,58,87,93,42,241,22,73,23,34
last,1529,1238,924,995,765,857,685,322,384,338,403,358,386,390,256,304,190,305,255,218,729,238,236,119,89,219,179,107,141,159,160,145,118,136,145,295,133,214,307,217,104,95,115,60,97,83,111,0,166,72,107,82,110,123,156,81,62,106,85,42,79,116,52,57,67,53,138,42,234,64,51,94,69,31,32,51,52,49,70,92,46,80,89,41,72,44,38,65,126,73,126,53,89,74,47,132,23,47,31,54
2015,1422,1286,934,1292,758,739,686,317,429,354,305,356,349,441,174,341,163,503,258,245,397,247,263,77,119,165,168,116,140,140,151,131,87,147,93,398,132,205,338,182,49,89,121,71,104,60,108,166,0,110,57,76,81,66,132,62,23,124,143,41,57,144,25,46,37,37,123,27,309,56,31,129,61,26,18,58,45,62,50,148,20,81,37,17,38,51,32,29,195,67,84,52,140,49,24,194,8,36,17,34
2016,1364,1135,821,1123,833,732,624,425,431,417,294,419,260,316,215,307,141,304,214,205,330,210,220,150,311,180,121,183,153,162,138,163,111,159,126,195,158,136,165,90,72,107,85,64,100,91,237,72,110,0,62,60,76,68,91,80,45,90,110,66,76,96,47,49,45,39,53,43,85,43,59,137,69,38,28,92,61,60,37,81,21,86,29,17,49,31,51,36,71,55,42,47,69,69,37,63,16,30,16,52
been,1340,1039,775,722,680,744,663,344,292,419,395,445,268,328,1017,187,253,235,138,212,185,138,176,130,78,153,146,91,134,181,210,95,461,110,130,59,110,125,42,78,118,89,99,127,54,47,38,107,57,62,0,127,83,135,173,86,82,56,34,45,81,42,50,44,50,81,50,59,27,37,45,28,74,40,45,50,65,38,84,26,129,28,23,38,73,52,69,28,32,36,142,43,21,59,75,62,46,31,50,47
which,1384,1068,850,837,815,762,574,563,407,393,284,372,206,351,360,201,207,210,193,166,177,216,196,201,207,121,167,199,130,141,101,141,144,94,103,143,135,121,99,188,110,132,108,86,88,76,86,82,76,60,127,0,94,77,67,94,66,54,70,85,57,72,40,64,105,85,65,56,68,45,39,72,63,54,53,52,78,34,61,46,68,53,36,70,59,73,46,35,54,69,43,41,41,44,58,42,36,36,43,25
up,1342,1084,781,796,929,744,711,466,433,348,322,365,290,275,253,169,187,264,202,267,230,219,198,188,167,176,200,152,133,130,172,138,132,166,163,110,120,113,111,130,68,135,86,81,96,69,82,110,81,76,83,94,0,71,63,60,61,98,68,51,86,62,49,51,56,64,82,42,49,48,55,77,46,64,75,67,53,27,49,49,43,53,58,41,68,30,33,62,45,54,33,39,44,38,53,60,27,45,42,43
over,1391,1112,791,753,750,788,713,350,372,339,307,326,292,274,345,214,157,244,208,217,253,180,177,191,189,180,160,147,198,122,199,135,162,180,112,119,141,121,91,120,74,98,75,70,73,80,102,123,66,68,135,77,71,0,238,87,57,55,80,56,69,54,64,54,85,50,75,38,49,53,43,44,68,51,52,53,63,37,57,59,56,74,50,71,60,48,30,52,69,36,54,38,47,84,64,86,31,43,42,71
years,1348,1137,846,1008,739,730,668,394,306,346,337,457,303,288,351,286,220,329,152,173,175,191,347,124,182,169,151,167,143,120,166,124,172,136,204,145,146,225,161,111,61,114,107,80,59,63,170,156,132,91,173,67,63,238,0,58,36,222,94,56,61,104,40,37,84,67,61,43,155,43,33,59,78,38,47,62,66,39,82,60,52,57,37,37,33,50,35,38,144,27,83,49,56,236,47,34,41,41,31,20
oil,1213,1009,712,794,720,657,779,374,410,277,264,317,362,271,282,143,136,147,178,193,186,225,226,167,143,124,158,103,237,86,138,69,156,75,87,99,125,85,49,96,89,92,120,81,77,75,59,81,62,80,86,94,60,87,58,0,45,62,34,49,67,48,29,48,67,43,49,41,32,20,24,51,645,54,53,34,56,33,40,52,31,33,12,16,55,44,31,33,39,41,56,43,27,29,29,27,23,24,27,62
he,1173,992,646,522,705,601,584,345,468,302,423,293,243,135,235,185,142,118,512,166,95,121,83,86,176,115,142,191,90,111,137,78,83,81,77,47,60,81,20,207,115,94,113,123,86,236,36,62,23,45,82,66,61,57,36,45,0,72,11,146,37,35,163,65,55,46,13,42,8,39,251,38,22,15,76,24,58,112,34,14,51,16,35,34,50,29,86,38,15,36,37,64,10,26,25,16,43,65,11,46
after,1332,1128,786,849,750,855,556,401,451,267,319,304,270,282,192,178,183,250,246,172,258,194,234,129,124,199,175,149,158,145,95,104,101,105,124,147,154,136,191,140,114,118,126,77,130,115,140,106,124,90,56,54,98,55,222,62,72,0,43,61,69,67,73,50,65,48,112,25,78,39,73,89,71,74,32,74,58,38,101,37,42,50,46,80,38,41,33,56,113,61,51,46,32,92,43,123,13,39,26,65
according,1336,1162,770,817,1425,805,589,419,273,337,224,300,172,403,154,209,112,203,76,157,261,256,144,166,186,177,166,138,131,135,110,252,114,72,135,171,118,181,146,76,68,78,100,41,70,38,101,85,143,110,34,70,68,80,94,34,11,43,0,66,48,77,25,85,77,53,141,16,122,84,12,78,31,43,37,56,52,10,55,70,31,199,72,50,34,42,25,22,62,23,50,34,64,46,30,63,4,30,35,20
would,1190,987,631,591,718,753,548,217,401,326,537,325,207,228,144,148,288,143,397,150,137,169,148,79,92,112,159,453,103,144,134,78,168,90,80,100,107,82,34,118,59,102,105,113,82,127,45,42,41,66,45,85,51,56,56,49,146,61,66,0,58,35,60,45,85,57,24,50,21,36,86,31,43,38,190,21,82,55,47,24,60,45,57,165,43,52,50,31,26,35,22,59,17,26,34,19,38,42,61,36
market,1230,992,667,662,671,712,691,390,370,258,358,319,277,203,217,174,168,148,181,172,184,194,189,177,137,265,125,145,188,135,160,113,109,264,156,66,106,93,70,107,122,38,62,99,63,37,61,79,57,76,81,57,86,69,61,67,37,69,48,58,0,72,36,53,106,56,88,38,19,28,16,47,61,32,51,60,56,29,101,21,38,59,75,79,54,46,39,98,25,41,64,31,17,23,38,44,26,30,38,49
rate,1225,1078,782,855,718,769,545,361,327,242,304,309,256,281,152,496,134,415,246,165,244,207,293,84,129,368,243,134,102,121,170,113,69,112,148,336,70,205,283,120,64,71,53,70,188,40,166,116,144,96,42,72,62,54,104,48,35,67,77,35,72,0,34,37,67,36,119,20,231,24,11,123,61,30,62,61,31,42,45,128,21,48,113,18,48,32,32,167,125,111,103,23,122,68,30,121,16,40,16,22
president,1173,887,722,539,685,537,551,347,463,350,316,262,203,153,269,161,114,113,299,189,101,91,98,100,175,176,129,122,79,86,83,107,67,61,64,51,60,61,18,112,100,83,135,60,128,66,38,52,25,47,50,40,49,64,40,29,163,73,25,60,36,34,0,136,29,48,9,25,9,24,239,18,17,32,31,47,60,69,29,9,42,29,33,45,36,30,48,79,15,71,26,35,4,29,21,13,25,48,19,20
state,1217,945,898,614,630,575,591,318,382,291,250,220,217,180,228,153,125,96,186,179,114,132,147,124,124,111,131,100,68,68,119,103,92,73,86,71,84,85,44,97,119,72,82,67,47,53,44,57,46,49,44,64,51,54,37,48,65,50,85,45,53,37,136,0,21,43,29,31,31,56,98,31,19,33,32,25,39,39,19,19,40,59,34,17,31,46,32,30,15,20,31,29,14,29,41,17,37,51,40,21
could,1167,998,592,636,673,725,579,231,310,279,486,306,230,267,159,146,240,176,208,156,154,172,158,90,90,156,158,341,191,115,144,111,144,76,169,69,106,126,57,75,79,81,86,83,64,38,35,67,37,45,50,105,56,85,84,67,55,65,77,85,106,67,29,21,0,60,39,21,34,56,28,59,49,28,176,37,68,42,86,36,47,61,53,129,41,27,55,69,27,48,34,50,25,45,54,24,31,20,39,80
one,1180,884,951,652,622,622,486,532,281,317,345,272,210,172,222,152,223,107,122,148,125,140,145,126,124,124,128,151,112,148,165,82,104,83,96,67,106,82,34,140,89,66,63,93,44,39,46,53,37,39,81,85,64,50,67,43,46,48,53,57,56,36,48,43,60,0,33,50,22,49,49,24,21,53,54,44,52,26,29,25,66,30,34,29,32,120,33,34,31,16,42,37,20,43,38,26,50,54,32,23
data,1146,960,688,817,654,643,538,292,483,376,318,307,249,281,142,271,129,258,147,219,221,294,193,92,126,236,148,103,109,110,158,126,90,189,99,255,92,165,320,114,62,92,58,71,75,40,182,138,123,53,50,65,82,75,61,49,13,112,141,24,88,119,9,29,39,33,0,23,215,51,9,108,55,20,31,71,33,19,50,42,19,42,40,45,43,47,22,47,106,42,95,50,40,34,47,80,7,28,24,62
we,964,766,526,486,605,523,521,376,238,281,402,230,202,88,109,157,202,92,123,135,80,100,33,280,168,115,105,147,76,164,101,86,263,25,82,17,55,46,13,43,101,41,34,132,25,26,40,42,27,43,59,56,42,38,43,41,42,25,16,50,38,20,25,31,21,50,23,0,3,22,27,5,12,32,94,24,37,19,19,10,55,11,42,15,34,25,82,9,8,11,16,37,6,21,47,13,206,61,37,18
grew,1167,1199,726,1068,507,662,497,108,328,134,224,255,315,495,97,473,120,304,223,165,430,284,259,27,25,181,163,63,68,92,136,83,40,169,169,503,80,362,684,131,26,131,75,31,82,30,307,234,309,85,27,68,49,49,155,32,8,78,122,21,19,231,9,31,34,22,215,3,0,42,9,146,36,15,11,46,11,36,44,150,9,34,13,12,48,37,7,27,213,59,96,29,149,38,20,179,5,25,9,33
business,1028,812,577,574,617,593,614,315,257,304,242,278,254,168,131,160,125,140,124,172,95,144,151,138,143,109,108,93,94,91,101,143,77,48,110,39,64,92,89,59,95,83,35,45,41,37,60,64,56,43,37,45,48,53,43,20,39,39,84,36,28,24,24,56,56,49,51,22,42,0,34,39,18,44,19,29,47,67,29,9,40,58,26,32,27,44,37,11,29,12,20,26,8,34,33,32,29,24,31,17
his,919,747,589,509,603,475,433,279,415,300,312,267,194,127,235,164,97,69,202,146,70,122,43,71,113,95,121,94,49,91,79,75,62,36,57,25,44,52,10,109,100,91,120,59,26,209,60,51,31,59,45,39,55,43,33,24,251,73,12,86,16,11,239,98,28,49,9,27,9,34,0,15,16,21,35,17,37,66,26,8,29,20,24,15,27,30,50,24,15,23,27,52,7,29,26,20,22,54,17,17
expected,1048,969,588,824,880,650,521,565,338,217,180,211,281,318,96,242,123,300,267,157,351,185,131,130,110,138,98,159,75,235,132,99,76,90,187,224,82,502,269,118,54,98,59,64,103,62,139,94,129,137,28,72,77,44,59,51,38,89,78,31,47,123,18,31,59,24,108,5,146,39,15,0,55,24,12,43,36,28,43,103,12,56,58,30,28,19,18,48,77,57,37,22,99,36,20,88,4,20,5,39
prices,962,829,494,674,580,536,695,274,333,216,210,271,313,220,221,141,106,152,143,187,184,155,158,181,115,105,114,77,207,87,140,59,164,96,98,93,92,86,52,72,77,70,89,66,92,48,51,69,61,69,74,63,46,68,78,645,22,71,31,43,61,61,17,19,49,21,55,12,36,18,16,55,0,42,32,32,43,29,44,29,27,25,19,22,42,44,34,26,42,40,56,29,21,26,41,16,10,38,17,70
their,881,680,569,515,613,449,580,244,306,220,230,263,239,137,86,141,110,84,70,136,82,103,53,276,111,96,84,98,78,85,109,82,160,68,101,29,63,81,29,36,127,39,37,56,41,26,52,31,26,38,40,54,64,51,38,54,15,74,43,38,32,30,32,33,28,53,20,32,15,44,21,24,42,0,35,30,42,19,38,20,28,30,31,28,33,48,36,33,12,36,29,49,14,48,56,31,19,46,131,35
if,989,847,466,483,640,574,464,372,252,228,347,217,134,138,144,126,336,117,166,104,93,100,101,137,198,130,112,260,101,126,117,58,130,52,138,54,86,82,10,79,88,57,66,101,63,43,30,32,18,28,45,53,75,52,47,53,76,32,37,190,51,62,31,32,176,54,31,94,11,19,35,12,32,35,0,48,48,38,46,21,89,31,38,96,12,31,61,49,22,47,14,33,16,15,37,21,39,16,70,36
may,954,814,522,622,549,509,405,233,284,219,287,242,189,169,115,164,182,177,129,134,114,150,137,70,83,156,102,347,82,91,207,92,190,125,122,60,86,123,102,77,60,74,39,104,81,43,72,51,58,92,50,52,67,53,62,34,24,74,56,21,60,61,47,25,37,44,71,24,46,29,17,43,32,30,48,0,47,27,35,17,32,64,61,44,47,28,30,46,31,38,41,36,13,24,58,31,16,22,30,24
into,1007,866,545,459,556,566,482,316,240,207,250,217,206,165,196,127,160,98,142,139,140,112,134,135,133,124,123,122,101,124,125,109,96,56,103,43,76,66,59,88,64,79,80,58,48,62,71,52,45,61,65,78,53,63,66,56,58,58,52,82,56,31,60,39,68,52,33,37,11,47,37,36,43,42,48,47,0,27,52,12,51,27,36,56,29,30,52,22,36,33,45,42,10,43,43,26,28,46,44,20
says,939,828,497,487,477,482,416,422,182,197,217,200,114,129,123,140,186,127,52,116,104,123,128,126,160,94,99,135,83,88,99,129,73,53,77,51,46,70,42,43,60,110,103,71,95,73,25,49,62,60,38,34,27,37,39,33,112,38,10,55,29,42,69,39,42,26,19,19,36,67,66,28,29,19,38,27,27,0,29,54,33,85,40,17,25,27,28,37,32,41,17,23,50,23,22,33,24,39,17,31
financial,1018,763,583,593,582,540,616,310,293,278,268,235,214,176,190,152,143,174,190,140,170,132,167,136,111,156,110,74,374,122,107,73,126,131,94,71,178,75,70,84,90,51,75,74,87,49,50,70,50,37,84,61,49,57,82,40,34,101,55,47,101,45,29,19,86,29,50,19,44,29,26,43,44,38,46,35,52,29,0,19,30,25,20,50,29,26,20,53,24,55,102,35,16,27,39,35,18,26,19,236
per,795,697,533,598,490,408,331,241,199,179,150,167,132,317,117,190,105,295,135,125,306,134,126,48,94,45,103,49,39,120,57,107,38,53,62,15,39,116,185,85,37,50,60,24,73,22,90,92,148,81,26,46,49,59,60,52,14,37,70,24,21,128,9,19,36,25,42,10,150,9,8,103,29,20,21,17,12,54,19,0,13,50,29,8,31,23,18,5,85,27,39,26,747,22,14,61,10,19,8,6
there,956,750,588,524,530,570,486,523,204,268,387,305,154,83,177,103,173,109,147,103,78,106,73,354,105,87,119,219,102,116,211,79,108,73,80,27,85,61,18,132,127,52,64,98,44,48,60,46,20,21,129,68,43,56,52,31,51,42,31,60,38,21,42,40,47,66,19,55,9,40,29,12,27,28,89,32,51,33,30,13,0,15,25,36,55,34,50,20,20,25,31,58,12,47,83,24,43,46,32,38
report,997,792,525,590,585,719,453,296,328,301,305,207,143,249,179,132,109,161,176,119,167,200,144,91,127,167,114,95,95,105,91,260,55,42,83,82,74,92,42,83,48,69,49,44,78,16,54,80,81,86,28,53,53,74,57,33,16,50,199,45,59,48,29,59,61,30,42,11,34,58,20,56,25,30,31,64,27,85,25,50,15,0,152,25,36,36,25,59,27,24,25,31,44,26,27,31,10,12,13,18
jobs,925,827,468,540,515,495,599,268,226,159,269,245,181,138,125,129,108,132,120,123,101,114,64,136,103,274,87,80,45,73,100,163,58,22,143,68,33,113,15,70,59,45,42,54,14,19,25,89,37,29,23,36,58,50,37,12,35,46,72,57,75,113,33,34,53,34,40,42,13,26,24,58,19,31,38,61,36,40,20,29,25,152,0,21,38,42,36,63,16,6,57,43,25,30,20,52,35,34,27,16
european,988,741,528,467,708,578,463,248,382,213,242,244,207,213,150,104,149,97,219,145,62,226,172,88,176,65,101,151,163,74,94,67,122,92,63,65,85,72,22,56,76,19,77,55,153,99,50,41,17,17,38,70,41,71,37,16,34,80,50,165,79,18,45,17,129,29,45,15,12,32,15,30,22,28,96,44,56,17,50,8,36,25,21,0,29,33,24,20,25,132,27,49,7,26,29,24,7,18,21,48
while,937,752,531,528,470,492,393,356,299,231,254,230,156,136,183,146,154,198,145,117,117,130,130,182,78,128,91,108,120,101,82,89,114,120,70,83,79,58,75,92,64,70,67,68,52,43,57,72,38,49,73,59,68,60,33,55,50,38,34,43,54,48,36,31,41,32,43,34,48,27,27,28,42,33,12,47,29,25,29,31,55,36,38,29,0,53,15,28,40,35,39,25,27,28,51,25,23,17,35,45
most,945,694,628,546,467,415,444,329,212,267,235,227,178,146,164,101,109,126,114,146,96,105,110,160,88,128,74,101,101,74,120,77,82,50,63,51,107,80,49,81,73,38,81,68,48,31,42,44,51,31,52,73,30,48,50,44,29,41,42,52,46,32,30,46,27,120,47,25,37,44,30,19,44,48,31,28,30,27,26,23,34,36,42,33,53,0,38,37,38,24,51,24,17,39,37,23,21,30,33,19
what,833,673,431,461,559,445,436,419,246,193,225,252,145,80,155,147,191,74,70,114,81,91,62,157,100,85,100,156,71,150,139,64,99,51,76,29,44,64,30,84,139,56,36,82,31,36,44,38,32,51,69,46,33,30,35,31,86,33,25,50,39,32,48,32,55,33,22,82,7,37,50,18,34,36,61,30,52,28,20,18,50,25,36,24,15,38,0,32,17,22,26,36,11,20,37,20,47,33,70,28
federal,944,713,485,486,502,456,471,251,304,194,300,246,178,129,121,127,140,107,209,117,90,142,110,69,155,444,99,76,129,94,107,76,66,17,79,56,54,59,41,90,85,100,32,52,102,55,69,65,29,36,28,35,62,52,38,33,38,56,22,31,98,167,79,30,69,34,47,9,27,11,24,48,26,33,49,46,22,37,53,5,20,59,63,20,28,37,32,0,16,46,36,26,5,25,46,36,7,25,22,36
three,921,816,656,714,510,531,382,175,271,168,209,240,200,230,124,214,128,261,173,164,278,180,188,71,55,134,114,72,64,73,74,63,55,34,92,225,62,159,255,91,36,77,33,45,98,46,252,126,195,71,32,54,45,69,144,39,15,113,62,26,25,125,15,15,27,31,106,8,213,29,15,77,42,12,22,31,36,32,24,85,20,27,16,25,40,38,17,16,0,60,58,28,81,53,21,462,11,30,17,15
central,871,688,484,507,559,462,392,244,309,191,206,180,191,211,150,138,117,172,246,140,139,147,205,70,130,73,66,99,113,96,67,60,76,81,100,109,97,63,84,75,74,60,92,34,646,33,59,73,67,55,36,69,54,36,27,41,36,61,23,35,41,111,71,20,48,16,42,11,59,12,23,57,40,36,47,38,33,41,55,27,25,24,6,132,35,24,22,46,60,0,47,30,26,26,23,52,9,13,14,37
since,900,707,562,550,433,437,400,234,223,237,188,237,195,163,308,218,144,176,137,104,216,109,248,66,36,124,87,57,129,105,120,61,118,84,97,137,93,106,115,105,54,60,59,64,55,32,168,126,84,42,142,43,33,54,83,56,37,51,50,22,64,103,26,31,34,42,95,16,96,20,27,37,56,29,14,41,45,17,102,39,31,25,57,27,39,51,26,36,58,47,0,29,39,29,33,57,10,33,13,20
out,836,656,599,510,557,473,418,277,251,213,310,212,185,141,137,115,155,112,87,125,120,126,119,123,112,98,113,133,70,105,90,87,74,78,84,62,75,67,58,86,54,79,66,68,44,60,58,53,52,47,43,41,39,38,49,43,64,46,34,59,31,23,35,29,50,37,50,37,29,26,52,22,29,49,33,36,42,23,35,26,58,31,43,49,25,24,36,26,28,30,29,0,21,42,23,40,18,54,47,33
cent,677,600,453,529,418,356,288,210,160,147,125,130,108,280,94,166,83,266,119,103,281,115,106,36,76,34,84,39,37,113,43,85,30,51,52,1,31,104,181,63,28,44,50,16,67,17,87,89,140,69,21,41,44,47,56,27,10,32,64,17,17,122,4,14,25,20,40,6,149,8,7,99,21,14,16,13,10,50,16,747,12,44,25,7,27,17,11,5,81,26,39,21,0,21,11,58,7,14,7,5
two,862,644,556,568,421,447,469,234,246,232,199,225,213,153,165,171,120,139,105,139,116,98,159,152,115,129,88,82,81,84,77,72,105,70,120,58,86,131,68,64,68,50,54,18,56,43,93,74,49,69,59,44,38,84,236,29,26,92,46,26,23,68,29,29,45,43,34,21,38,34,29,36,26,48,15,24,43,23,27,22,47,26,30,26,28,39,20,25,53,26,29,42,21,0,24,61,16,19,32,23
some,835,674,523,495,470,425,388,286,238,206,287,240,161,113,176,109,165,96,114,140,103,109,82,206,104,107,77,105,72,99,172,86,134,73,78,40,57,54,38,46,72,44,43,75,45,33,42,47,24,37,75,58,53,64,47,29,25,43,30,34,38,30,21,41,54,38,47,47,20,33,26,20,41,56,37,58,43,22,39,14,83,27,20,29,51,37,37,46,21,23,33,23,11,24,0,20,21,15,40,33
months,883,787,647,778,473,517,361,163,241,161,173,236,194,208,136,177,118,243,155,140,240,171,142,55,67,175,116,78,75,62,94,66,73,51,87,203,31,131,197,84,64,56,39,42,82,28,241,132,194,63,62,42,60,86,34,27,16,123,63,19,44,121,13,17,24,26,80,13,179,32,20,88,16,31,21,31,26,33,35,61,24,31,52,24,25,23,20,36,462,52,57,40,58,61,20,0,12,20,19,12
our,634,593,436,339,410,341,403,321,159,181,221,182,97,61,112,84,160,59,92,95,41,72,25,145,99,65,60,105,35,116,88,65,122,13,60,10,31,40,2,31,55,27,27,68,11,17,22,23,8,16,46,36,27,31,41,23,43,13,4,38,26,16,25,37,31,50,7,206,5,29,22,4,10,19,39,16,28,24,18,10,43,10,35,7,23,21,47,7,11,9,10,18,7,16,21,12,0,35,24,13
when,800,652,450,409,496,442,355,309,184,169,227,186,108,90,98,146,311,72,104,83,87,100,91,130,93,97,95,113,57,70,97,79,77,56,57,32,59,61,46,161,56,45,54,62,33,45,73,47,36,30,31,36,45,43,41,24,65,39,30,42,30,40,48,51,20,54,28,61,25,24,54,20,38,46,16,22,46,39,26,19,46,12,34,18,17,30,33,25,30,13,33,54,14,19,15,20,35,0,72,28
they,738,553,412,355,450,360,432,171,224,199,216,189,198,78,78,105,126,61,95,83,65,83,45,277,90,75,86,119,79,62,119,66,150,45,88,20,40,81,16,40,91,28,33,56,23,11,23,31,17,16,50,43,42,42,31,27,11,26,35,61,38,16,19,40,39,32,24,37,9,31,17,5,17,131,70,30,44,17,19,8,32,13,27,21,35,33,70,22,17,14,13,47,7,32,40,19,24,72,0,23
markets,801,600,407,516,381,381,536,222,302,192,214,198,185,116,128,141,100,115,117,130,95,98,101,141,77,164,65,67,309,81,89,62,110,192,65,41,177,54,43,66,95,34,29,51,56,32,34,54,34,52,47,25,43,71,20,62,46,65,20,36,49,22,20,21,80,23,62,18,33,17,17,39,70,35,36,24,20,31,236,6,38,18,16,48,45,19,28,36,15,37,20,33,5,23,33,12,13,28,23,0
