,the,obama,to,president,a,of,in,and,barack,on,that,for,his,is,he,us,with,at,as,has,will,said,by,washington,an,house,white,it,administration,from,was,be,this,first,state,about,new,after,have,who,but,not,are,tuesday,more,wednesday,visit,year,friday,during,one,would,when,trump,thursday,their,court,monday,republican,last,up,week,over,presidential,clinton,people,ap,out,gun,donald,been,united,supreme,office,against,its,national,says,states,what,than,address,two,american,time,years,i,world,congress,hillary,which,final,had,into,federal,they,sunday,islamic,campaign,michelle
the,0,20830,12843,14900,10416,11266,10152,8403,10051,7652,5564,5261,4858,4767,3659,4224,3888,3672,3155,3173,2880,2733,2502,2577,2258,2684,2568,2061,2521,2115,1975,1723,1585,1701,1713,1512,1432,1475,1393,1429,1416,1324,1248,1369,1178,1215,1117,1144,1193,1111,1111,1081,1038,874,1100,941,992,960,930,950,901,856,912,842,687,882,878,833,585,716,806,941,866,841,848,835,762,720,888,674,704,819,753,769,734,707,494,725,635,551,711,700,639,687,650,578,640,720,622,560
obama,20830,0,15239,18935,12661,12202,11642,9917,12890,9028,6594,6203,6187,5440,4537,4816,4694,4155,3705,3675,3328,3218,2906,3020,2718,2745,2624,2416,2678,2443,2294,2010,1903,1890,1809,1770,1670,1732,1649,1612,1692,1577,1460,1599,1392,1447,1348,1316,1418,1350,1287,1265,1273,1133,1304,1122,1080,1162,1066,1106,1030,1045,989,979,931,949,1041,976,826,898,904,905,940,988,930,882,870,892,871,829,837,898,835,800,788,802,597,749,785,750,788,805,755,764,725,681,762,747,705,758
to,12843,15239,0,11190,7928,7291,6864,6147,7526,5666,3968,3787,4064,3700,2922,3315,2776,2188,2344,2290,2160,2100,1745,1878,1829,1626,1523,1654,1747,1588,1393,1470,1123,1180,1113,1083,1145,1030,1062,1064,1037,1000,971,1038,986,968,1189,811,934,686,737,864,767,593,862,834,821,782,667,664,736,673,635,544,504,659,696,660,578,486,522,605,740,612,600,655,521,494,603,544,520,589,551,551,465,496,386,526,637,421,533,512,470,450,512,456,459,536,442,335
president,14900,18935,11190,0,9393,8920,8774,7196,11403,7070,4613,4656,5109,3781,3595,4174,3535,3288,2779,2575,2647,2497,2030,2633,2076,2244,2151,1523,639,1756,1587,1434,1374,1320,1430,1316,1166,1343,1131,1174,1132,1116,1042,1385,1006,1277,1164,999,1201,1062,942,902,910,846,1115,830,868,992,882,758,740,861,716,754,623,734,949,673,676,771,580,771,811,811,710,541,713,685,691,548,604,747,648,629,598,549,334,619,627,568,496,661,523,592,500,444,680,634,523,237
a,10416,12661,7928,9393,0,6766,6600,5138,6527,4854,3568,3473,2983,2874,2430,2739,2636,2530,2085,2021,1748,1751,1621,1573,1332,1502,1457,1319,1288,1366,1301,1127,979,901,921,880,1171,1006,821,974,868,800,693,902,754,867,835,859,792,873,625,722,655,548,731,538,633,642,555,571,560,609,578,515,382,537,579,531,405,462,476,492,552,504,453,417,485,412,484,475,470,443,456,428,456,446,307,416,440,298,442,403,469,450,454,343,432,336,418,310
of,11266,12202,7291,8920,6766,0,5993,5091,6121,4401,3110,2982,3259,2781,2160,2450,2284,1999,1993,1867,1624,1571,1423,1481,1504,1372,1305,1168,1278,1165,1127,1027,993,931,1287,845,802,826,837,846,779,714,729,777,665,716,639,770,681,601,952,625,570,509,702,596,551,575,469,632,495,519,525,465,430,582,549,579,405,417,471,507,465,482,397,457,440,377,495,448,408,581,463,475,415,458,302,447,389,355,405,582,357,414,365,313,362,361,318,344
in,10152,11642,6864,8774,6600,5993,0,4695,6216,4199,3021,2872,3125,2514,2283,2685,2313,2187,1771,1810,1661,1738,1381,1552,1625,1481,1433,1073,959,1122,1191,1032,1002,993,994,840,835,904,757,782,832,746,699,763,730,741,678,746,718,703,678,556,620,466,661,561,370,636,430,594,489,542,482,492,450,545,516,483,378,383,469,508,297,725,515,448,416,365,490,414,445,488,471,422,447,494,272,448,381,351,445,469,384,322,331,311,439,409,391,297
and,8403,9917,6147,7196,5138,5091,4695,0,5208,3689,2638,2562,2502,2222,1774,2214,2039,1671,1555,1376,1373,1535,1207,1247,1107,1134,1087,1015,902,1005,936,845,732,861,838,765,644,632,796,691,624,594,843,716,637,612,534,499,616,461,536,522,443,494,559,720,331,460,436,406,525,381,441,422,435,478,551,417,276,409,388,437,271,347,435,444,356,373,423,328,342,309,470,344,330,331,259,393,358,346,287,309,312,357,309,373,293,402,325,446
barack,10051,12890,7526,11403,6527,6121,6216,5208,0,4901,3065,3158,3476,2609,2412,3670,2504,2394,2073,1881,1903,1844,1458,2177,1454,1641,1605,953,392,1233,1031,1031,849,915,995,815,767,952,782,852,721,738,672,961,662,946,887,715,871,767,649,683,599,519,804,632,566,686,591,482,495,527,513,581,442,523,949,462,390,499,414,584,529,563,505,394,512,512,517,356,423,465,469,431,376,406,183,488,404,407,356,456,371,454,317,312,419,440,408,199
on,7652,9028,5666,7070,4854,4401,4199,3689,4901,0,2293,2197,2440,1720,1581,2050,1789,1582,1264,1044,1454,1366,1058,1351,1201,1176,1109,773,831,905,776,718,632,758,729,541,664,608,491,596,588,525,506,1057,530,906,594,475,904,466,490,535,374,436,829,476,480,786,453,368,395,356,339,388,266,415,409,375,428,374,290,378,428,341,337,383,392,203,341,256,278,399,319,292,278,242,178,308,354,219,325,305,279,283,281,242,504,340,285,228
that,5564,6594,3968,4613,3568,3110,3021,2638,3065,2293,0,1518,1465,1904,1490,1329,1080,874,873,1183,981,1369,747,763,813,620,588,983,846,656,808,729,514,338,451,456,458,385,638,374,549,649,574,497,442,411,250,380,439,271,313,677,349,432,382,357,224,360,366,314,285,270,243,251,233,417,301,294,220,337,279,304,180,257,289,256,208,274,316,247,261,200,205,231,210,250,253,224,212,198,160,201,314,221,192,248,207,227,175,127
for,5261,6203,3787,4656,3473,2982,2872,2562,3158,2197,1518,0,1705,1474,1195,1224,1061,988,956,1013,816,808,655,788,817,756,733,660,599,550,588,543,461,494,434,314,493,439,401,461,434,439,358,502,470,404,325,409,367,255,316,325,285,297,355,396,288,284,326,279,324,268,265,225,251,295,344,261,261,247,274,212,243,221,227,260,196,211,203,227,263,181,285,192,373,307,152,189,294,217,245,209,204,171,249,179,147,153,205,146
his,4858,6187,4064,5109,2983,3259,3125,2502,3476,2440,1465,1705,0,1375,1542,1166,1281,1052,1107,993,952,829,685,769,673,732,720,524,379,636,600,513,427,538,639,478,350,506,407,423,495,449,278,458,346,391,463,485,354,486,372,297,350,288,346,205,353,258,324,442,312,311,264,271,185,213,284,283,242,240,198,187,334,403,224,142,253,215,174,224,216,472,215,188,262,230,130,185,240,153,159,590,182,209,119,115,190,184,220,99
is,4767,5440,3700,3781,2874,2781,2514,2222,2609,1720,1904,1474,1375,0,1146,1056,995,787,861,670,566,780,613,643,668,522,502,789,750,564,314,453,586,367,357,408,417,330,307,479,489,470,342,281,405,210,268,313,211,164,388,186,264,296,181,233,259,208,263,240,280,222,246,209,218,256,295,248,173,225,156,216,222,264,247,276,199,292,208,297,268,162,187,189,228,169,166,166,177,184,235,187,81,165,180,142,117,195,185,95
he,3659,4537,2922,3595,2430,2160,2283,1774,2412,1581,1490,1195,1542,1146,0,889,865,809,1101,780,712,1161,491,522,632,445,444,447,133,511,688,519,360,372,275,416,208,412,332,271,510,431,205,285,280,316,294,304,275,242,323,399,557,278,276,145,200,222,198,225,206,202,161,198,154,166,219,230,190,211,180,211,193,350,174,112,139,309,190,298,176,158,130,154,184,194,158,183,156,128,171,151,231,187,86,94,130,127,149,53
us,4224,4816,3315,4174,2739,2450,2685,2214,3670,2050,1329,1224,1166,1056,889,0,1054,1021,831,890,813,981,781,737,625,599,578,419,373,505,419,394,331,496,416,358,328,436,339,304,306,349,285,350,324,398,570,266,348,316,202,381,211,136,273,245,222,326,177,186,199,229,280,157,48,206,183,170,120,134,197,199,193,197,304,266,165,178,169,126,179,145,212,224,152,148,50,240,164,44,190,129,155,184,99,110,203,267,148,79
with,3888,4694,2776,3535,2636,2284,2313,2039,2504,1789,1080,1061,1281,995,865,1054,0,874,670,588,747,703,464,594,633,682,667,430,342,415,421,336,385,370,339,356,320,402,278,372,278,290,262,350,249,329,297,304,281,351,254,228,203,146,307,236,190,295,164,256,264,258,217,158,180,183,193,204,114,116,163,187,173,181,155,186,187,104,168,167,146,128,183,152,160,137,125,154,99,160,127,144,189,131,120,159,117,167,160,160
at,3672,4155,2188,3288,2530,1999,2187,1671,2394,1582,874,988,1052,787,809,1021,874,0,576,468,576,587,523,549,499,844,850,318,213,420,425,333,349,356,308,300,254,363,230,289,221,248,214,330,233,290,189,240,310,341,275,193,235,266,275,228,121,270,203,197,159,158,150,223,116,213,157,194,149,234,121,179,115,151,124,117,238,108,139,151,130,176,136,131,216,117,98,163,89,100,108,155,117,102,63,99,171,116,139,173
as,3155,3705,2344,2779,2085,1993,1771,1555,2073,1264,873,956,1107,861,1101,831,670,576,0,554,512,485,398,465,479,421,412,389,319,383,384,340,275,388,323,264,278,213,259,259,239,239,242,230,220,242,239,231,224,175,257,207,131,189,191,176,126,174,158,219,174,171,169,168,180,166,225,191,134,144,144,180,116,163,132,174,180,94,172,196,113,136,133,132,137,129,97,152,90,135,105,167,101,130,92,157,130,147,109,128
has,3173,3675,2290,2575,2021,1867,1810,1376,1881,1044,1183,1013,993,670,780,890,588,468,554,0,348,480,435,343,435,348,342,396,478,314,172,296,249,203,257,257,260,201,201,342,335,266,148,134,258,109,175,261,109,160,170,173,123,185,89,123,163,91,167,162,154,110,187,174,135,142,104,151,134,152,617,159,143,177,128,202,119,112,175,145,185,85,123,136,137,210,64,136,150,113,179,97,102,125,115,51,58,94,115,58
will,2880,3328,2160,2647,1748,1624,1661,1373,1903,1454,981,816,952,566,712,813,747,576,512,348,0,588,362,568,426,657,643,315,303,332,107,687,367,466,317,171,254,208,198,207,228,287,135,305,192,314,457,208,284,157,145,138,238,79,246,172,182,198,101,136,124,279,116,114,101,117,168,129,106,70,71,169,167,169,96,101,154,163,151,114,116,217,126,138,153,112,63,114,152,95,140,174,31,101,123,102,173,139,111,95
said,2733,3218,2100,2497,1751,1571,1738,1535,1844,1366,1369,808,829,780,1161,981,703,587,485,480,588,0,430,471,492,581,577,423,225,354,505,405,287,217,251,317,169,276,328,273,265,352,260,331,218,317,198,171,271,189,173,422,186,217,343,167,165,312,193,115,163,150,121,169,126,228,151,141,127,173,139,236,164,133,174,127,124,35,215,136,149,112,110,108,91,105,163,152,154,99,119,60,177,84,89,112,159,169,107,44
by,2502,2906,1745,2030,1621,1423,1381,1207,1458,1058,747,655,685,613,491,781,464,523,398,435,362,430,0,317,376,302,297,266,344,273,455,291,246,262,231,224,221,193,222,204,196,225,180,189,154,194,214,205,207,132,153,185,111,159,152,134,147,111,153,154,114,127,157,120,101,108,91,121,117,128,174,119,127,106,134,135,106,84,115,74,92,90,93,113,62,104,67,127,112,72,131,53,94,115,132,73,90,111,108,85
washington,2577,3020,1878,2633,1573,1481,1552,1247,2177,1351,763,788,769,643,522,737,594,549,465,343,568,471,317,0,343,560,526,212,306,311,209,224,187,233,289,204,231,179,164,188,166,147,157,335,197,304,140,197,298,145,138,183,96,116,274,156,201,216,133,107,128,118,136,111,84,98,710,125,82,109,66,125,188,123,135,131,139,134,119,70,103,126,96,65,91,98,18,80,137,83,53,123,88,119,126,82,74,114,87,62
an,2258,2718,1829,2076,1332,1504,1625,1107,1454,1201,813,817,673,668,632,625,633,499,479,435,426,492,376,343,0,299,297,266,262,312,322,228,214,243,210,222,173,196,181,189,196,218,130,212,191,194,217,195,215,203,126,181,140,109,151,115,100,188,115,129,110,124,111,93,82,143,95,142,109,91,102,105,80,120,109,83,92,98,92,109,90,125,104,157,85,116,68,112,100,64,106,111,107,98,100,73,134,114,90,55
house,2684,2745,1626,2244,1502,1372,1481,1134,1641,1176,620,756,732,522,445,599,682,844,421,348,657,581,302,560,299,0,2567,194,134,292,222,213,237,273,214,188,171,211,119,156,145,156,139,283,133,249,182,204,190,208,145,161,143,79,211,136,70,197,115,160,117,162,116,90,85,84,126,124,70,73,78,87,66,184,73,85,107,144,58,68,68,108,125,74,133,90,38,48,84,78,83,147,102,68,55,69,91,68,74,119
white,2568,2624,1523,2151,1457,1305,1433,1087,1605,1109,588,733,720,502,444,578,667,850,412,342,643,577,297,526,297,2567,0,192,101,284,227,210,221,271,197,182,154,200,110,156,137,153,116,267,124,247,181,204,190,211,150,140,140,75,199,125,81,184,88,157,112,148,115,77,85,89,123,120,71,68,80,89,74,185,72,82,107,146,63,65,62,96,120,72,129,96,39,48,72,79,77,137,93,59,50,65,89,65,72,120
it,2061,2416,1654,1523,1319,1168,1073,1015,953,773,983,660,524,789,447,419,430,318,389,396,315,423,266,212,266,194,192,0,305,274,463,334,227,176,125,225,167,163,198,155,364,312,146,142,180,102,104,137,92,93,166,235,245,93,101,82,97,94,90,124,118,83,95,69,86,110,77,137,76,64,136,100,76,79,96,142,68,121,116,168,102,74,70,78,135,107,130,61,81,62,89,69,119,82,69,78,83,45,57,60
administration,2521,2678,1747,639,1288,1278,959,902,392,831,846,599,379,750,133,373,342,213,319,478,303,225,344,306,262,134,101,305,0,329,140,141,142,81,173,139,316,126,191,120,161,156,181,164,168,121,31,152,167,57,88,162,74,43,103,137,142,144,63,122,131,84,173,36,42,91,98,101,36,34,110,53,98,57,112,263,55,89,109,57,94,44,83,73,60,83,26,17,111,33,93,65,58,75,190,90,28,83,30,2
from,2115,2443,1588,1756,1366,1165,1122,1005,1233,905,656,550,636,564,511,505,415,420,383,314,332,354,273,311,312,292,284,274,329,0,240,187,161,149,166,195,177,181,163,245,169,143,164,150,172,146,94,171,195,123,155,133,121,89,136,151,123,109,84,109,108,101,105,105,59,128,129,87,80,74,80,116,100,176,93,114,90,95,121,77,102,110,80,87,89,88,54,104,92,42,92,68,86,72,97,81,108,87,65,75
was,1975,2294,1393,1587,1301,1127,1191,936,1031,776,808,588,600,314,688,419,421,425,384,172,107,505,455,209,322,222,227,463,140,240,0,172,196,222,155,199,100,233,140,217,252,209,60,158,101,121,118,140,124,115,183,153,284,132,103,87,85,128,103,144,101,96,74,87,86,101,37,102,54,94,68,104,76,101,81,85,54,71,92,111,98,93,73,107,96,114,127,79,66,61,116,63,126,76,45,43,85,54,73,70
be,1723,2010,1470,1434,1127,1027,1032,845,1031,718,729,543,513,453,519,394,336,333,340,296,687,405,291,224,228,213,210,334,141,187,172,0,228,214,138,177,130,147,136,187,274,266,132,158,140,107,149,124,105,77,158,335,144,121,100,90,78,71,109,111,80,97,95,106,111,78,76,113,52,88,71,94,68,94,71,73,62,96,91,161,83,69,63,73,66,62,84,82,76,95,79,83,47,83,65,66,54,57,61,51
this,1585,1903,1123,1374,979,993,1002,732,849,632,514,461,427,586,360,331,385,349,275,249,367,287,246,187,214,237,221,227,142,161,196,228,0,183,123,162,117,113,156,130,210,187,123,56,108,64,178,245,72,99,127,83,158,65,72,79,41,46,53,76,73,532,90,72,88,68,63,99,66,46,101,70,31,82,56,57,44,49,69,106,76,66,75,80,124,54,123,78,58,82,62,44,61,67,28,56,37,39,57,55
first,1701,1890,1180,1320,901,931,993,861,915,758,338,494,538,367,372,496,370,356,388,203,466,217,262,233,243,273,271,176,81,149,222,214,183,0,139,125,120,134,97,103,144,113,96,119,83,151,421,118,173,139,125,83,158,47,80,169,33,66,54,64,67,109,47,77,75,39,65,58,34,43,60,78,28,85,32,60,65,38,71,64,55,65,95,124,204,134,49,113,28,63,61,52,54,75,30,46,71,50,74,477
state,1713,1809,1113,1430,921,1287,994,838,995,729,451,434,639,357,275,416,339,308,323,257,317,251,231,289,210,214,197,125,173,166,155,138,123,139,0,122,100,141,102,76,112,169,123,233,95,128,90,97,68,133,92,94,68,47,92,81,14,124,76,123,98,88,61,71,131,48,84,88,24,38,62,111,11,71,222,114,83,54,104,68,69,417,59,49,41,39,34,42,58,118,31,310,44,56,52,62,68,584,92,55
about,1512,1770,1083,1316,880,845,840,765,815,541,456,314,478,408,416,358,356,300,264,257,171,317,224,204,222,188,182,225,139,195,199,177,162,125,122,0,123,110,167,79,154,159,149,112,116,102,75,87,85,85,103,99,91,122,87,108,49,82,89,67,78,70,55,68,56,93,66,66,71,96,87,75,44,85,53,70,50,78,66,116,51,91,50,70,49,59,78,57,38,44,65,40,77,52,26,51,70,74,59,42
new,1432,1670,1145,1166,1171,802,835,644,767,664,458,493,350,417,208,328,320,254,278,260,254,169,221,231,173,171,154,167,316,177,100,130,117,120,100,123,0,122,101,92,100,74,122,134,106,110,47,149,100,67,63,121,76,52,95,72,48,78,64,71,71,71,82,68,59,49,117,74,148,44,52,50,42,53,50,80,88,67,57,33,70,44,51,57,44,74,15,26,71,51,69,48,46,55,124,60,41,37,50,34
after,1475,1732,1030,1343,1006,826,904,632,952,608,385,439,506,330,412,436,402,363,213,201,208,276,193,179,196,211,200,163,126,181,233,147,113,134,141,110,122,0,102,110,76,101,90,131,95,125,110,129,92,78,135,84,42,62,113,86,39,75,50,65,53,83,67,70,92,115,59,87,67,49,53,85,31,129,80,58,83,44,81,62,71,53,104,62,42,145,31,60,54,78,48,46,69,66,44,51,66,82,62,32
have,1393,1649,1062,1131,821,837,757,796,782,491,638,401,407,307,332,339,278,230,259,201,198,328,222,164,181,119,110,198,191,163,140,136,156,97,102,167,101,102,0,218,236,192,106,70,133,80,66,81,75,67,103,170,95,89,98,126,99,63,93,76,86,63,90,76,55,116,75,63,75,74,266,76,89,77,68,48,29,78,93,89,88,32,66,57,49,112,108,41,50,41,75,35,79,55,52,109,31,48,37,32
who,1429,1612,1064,1174,974,846,782,691,852,596,374,461,423,479,271,304,372,289,259,342,207,273,204,188,189,156,156,155,120,245,217,187,130,103,76,79,92,110,218,0,127,151,168,118,94,111,46,145,98,74,116,110,60,101,81,121,128,73,129,72,92,61,64,97,60,125,93,122,63,81,72,51,115,51,65,55,61,58,54,63,68,46,62,54,48,61,53,70,32,48,34,50,91,58,67,51,27,17,52,40
but,1416,1692,1037,1132,868,779,832,624,721,588,549,434,495,489,510,306,278,221,239,335,228,265,196,166,196,145,137,364,161,169,252,274,210,144,112,154,100,76,236,127,0,370,139,85,153,76,94,100,68,77,148,86,108,97,62,94,43,67,62,94,85,74,93,51,86,68,59,92,59,70,112,56,32,102,51,68,43,100,56,70,79,59,59,48,60,89,94,64,56,71,51,58,83,64,26,69,39,28,41,49
not,1324,1577,1000,1116,800,714,746,594,738,525,649,439,449,470,431,349,290,248,239,266,287,352,225,147,218,156,153,312,156,143,209,266,187,113,169,159,74,101,192,151,370,0,137,119,86,70,71,60,98,67,105,163,79,130,76,63,72,49,89,65,54,59,61,70,66,89,33,81,65,103,76,77,64,59,76,72,50,74,83,69,40,67,48,58,48,53,71,60,42,56,63,37,70,51,32,67,54,66,58,32
are,1248,1460,971,1042,693,729,699,843,672,506,574,358,278,342,205,285,262,214,242,148,135,260,180,157,130,139,116,146,181,164,60,132,123,96,123,149,122,90,106,168,139,137,0,74,126,73,48,64,64,39,64,64,74,79,79,128,57,59,87,51,88,51,87,65,50,110,93,94,75,69,47,78,53,53,90,55,45,85,81,69,90,35,68,56,70,35,45,67,46,39,51,36,23,48,46,155,20,73,38,49
tuesday,1369,1599,1038,1385,902,777,763,716,961,1057,497,502,458,281,285,350,350,330,230,134,305,331,189,335,212,283,267,142,164,150,158,158,56,119,233,112,134,131,70,118,85,119,74,0,88,20,77,128,7,101,66,121,53,111,5,65,76,16,139,83,84,29,54,101,82,93,115,49,93,106,33,84,67,63,90,79,106,17,84,50,50,132,50,43,45,37,22,42,95,76,59,141,35,38,54,47,5,84,105,23
more,1178,1392,986,1006,754,665,730,637,662,530,442,470,346,405,280,324,249,233,220,258,192,218,154,197,191,133,124,180,168,172,101,140,108,83,95,116,106,95,133,94,153,86,126,88,0,71,66,81,93,59,85,118,76,50,69,89,47,88,51,50,58,54,45,34,38,93,93,63,71,35,87,73,42,59,56,61,35,69,80,52,599,31,64,38,48,97,46,60,81,27,64,44,50,43,56,46,46,57,49,30
wednesday,1215,1447,968,1277,867,716,741,612,946,906,411,404,391,210,316,398,329,290,242,109,314,317,194,304,194,249,247,102,121,146,121,107,64,151,128,102,110,125,80,111,76,70,73,20,71,0,156,91,9,72,57,77,59,62,23,100,140,9,87,33,68,45,82,68,24,50,129,66,18,59,26,74,132,50,56,47,45,21,74,42,41,28,59,74,62,62,20,35,38,21,41,23,55,93,74,49,6,84,51,32
visit,1117,1348,1189,1164,835,639,678,534,887,594,250,325,463,268,294,570,297,189,239,175,457,198,214,140,217,182,181,104,31,94,118,149,178,421,90,75,47,110,66,46,94,71,48,77,66,156,0,50,109,220,69,66,86,11,93,62,10,60,16,81,46,131,32,63,6,46,58,32,4,13,33,85,7,59,53,44,50,35,73,58,36,25,108,119,57,65,18,98,1,6,35,43,30,40,5,24,66,66,33,22
year,1144,1316,811,999,859,770,746,499,715,475,380,409,485,313,304,266,304,240,231,261,208,171,205,197,195,204,204,137,152,171,140,124,245,118,97,87,149,129,81,145,100,60,64,128,81,91,50,0,97,70,93,110,75,13,49,55,61,41,70,242,65,47,88,38,13,56,72,49,53,11,58,49,57,172,35,71,46,41,52,60,85,67,54,39,72,44,30,30,72,15,55,201,50,55,50,44,17,30,24,43
friday,1193,1418,934,1201,792,681,718,616,871,904,439,367,354,211,275,348,281,310,224,109,284,271,207,298,215,190,190,92,167,195,124,105,72,173,68,85,100,92,75,98,68,98,64,7,93,9,109,97,0,62,67,102,70,83,30,115,41,8,100,62,54,40,58,64,16,83,92,57,32,81,27,62,38,53,65,49,67,23,46,40,31,23,61,31,38,34,14,110,41,14,72,30,60,48,80,36,9,19,28,57
during,1111,1350,686,1062,873,601,703,461,767,466,271,255,486,164,242,316,351,341,175,160,157,189,132,145,203,208,211,93,57,123,115,77,99,139,133,85,67,78,67,74,77,67,39,101,59,72,220,70,62,0,55,34,59,57,85,89,15,73,52,69,38,69,49,61,57,56,23,52,48,52,42,69,14,102,46,24,49,31,58,41,32,78,52,55,57,34,27,54,30,45,35,56,47,22,14,19,39,39,47,52
one,1111,1287,737,942,625,952,678,536,649,490,313,316,372,388,323,202,254,275,257,170,145,173,153,138,126,145,150,166,88,155,183,158,127,125,92,103,63,135,103,116,148,105,64,66,85,57,69,93,67,55,0,65,85,58,78,57,44,46,38,102,52,51,40,52,41,61,58,73,40,42,51,42,35,66,27,43,55,27,42,57,50,54,79,40,67,62,50,61,45,39,56,57,50,58,29,36,34,23,41,53
would,1081,1265,864,902,722,625,556,522,683,535,677,325,297,186,399,381,228,193,207,173,138,422,185,183,181,161,140,235,162,133,153,335,83,83,94,99,121,84,170,110,86,163,64,121,118,77,66,110,102,34,65,0,75,68,80,78,97,77,61,61,55,58,58,41,45,51,49,34,58,52,39,86,85,49,55,71,34,34,86,45,59,19,37,51,41,43,53,35,74,32,86,31,57,46,38,65,43,56,42,17
when,1038,1273,767,910,655,570,620,443,599,374,349,285,350,264,557,211,203,235,131,123,238,186,111,96,140,143,140,245,74,121,284,144,158,158,68,91,76,42,95,60,108,79,74,53,76,59,86,75,70,59,85,75,0,48,55,68,31,39,43,67,55,84,35,32,43,38,44,73,33,39,36,40,25,93,23,37,21,36,38,52,54,33,41,59,68,58,81,51,26,33,31,28,56,53,18,67,21,18,33,52
trump,874,1133,593,846,548,509,466,494,519,436,432,297,288,296,278,136,146,266,189,185,79,217,159,116,109,79,75,93,43,89,132,121,65,47,47,122,52,62,89,101,97,130,79,111,50,62,11,13,83,57,58,68,48,0,51,41,7,43,392,37,41,26,37,264,126,39,28,62,19,977,40,26,6,31,53,16,23,77,19,51,34,28,13,39,14,26,39,51,4,107,24,22,29,45,2,28,28,24,126,12
thursday,1100,1304,862,1115,731,702,661,559,804,829,382,355,346,181,276,273,307,275,191,89,246,343,152,274,151,211,199,101,103,136,103,100,72,80,92,87,95,113,98,81,62,76,79,5,69,23,93,49,30,85,78,80,55,51,0,80,78,20,68,44,43,43,51,73,59,90,104,37,75,54,34,57,67,32,50,50,84,21,61,38,41,33,51,33,28,44,17,43,30,53,46,32,38,50,45,39,7,31,46,25
their,941,1122,834,830,538,596,561,720,632,476,357,396,205,233,145,245,236,228,176,123,172,167,134,156,115,136,125,82,137,151,87,90,79,169,81,108,72,86,126,121,94,63,128,65,89,100,62,55,115,89,57,78,68,41,80,0,49,69,49,52,58,39,51,45,46,68,79,58,21,36,30,38,47,30,36,13,41,26,49,46,40,29,55,38,55,39,20,46,19,39,30,25,33,45,45,100,18,19,35,71
court,992,1080,821,868,633,551,370,331,566,480,224,288,353,259,200,222,190,121,126,163,182,165,147,201,100,70,81,97,142,123,85,78,41,33,14,49,48,39,99,128,43,72,57,76,47,140,10,61,41,15,44,97,31,7,78,49,0,53,105,31,67,32,67,6,14,28,63,30,3,13,21,20,945,21,23,38,6,29,38,29,35,4,18,13,23,13,16,3,23,12,15,5,22,39,88,33,6,0,15,8
monday,960,1162,782,992,642,575,636,460,686,786,360,284,258,208,222,326,295,270,174,91,198,312,111,216,188,197,184,94,144,109,128,71,46,66,124,82,78,75,63,73,67,49,59,16,88,9,60,41,8,73,46,77,39,43,20,69,53,0,47,37,55,28,50,55,30,32,65,42,67,37,26,54,46,42,78,55,48,24,53,24,45,21,67,25,26,14,16,30,54,28,41,25,30,32,59,27,14,74,39,19
republican,930,1066,667,882,555,469,430,436,591,453,366,326,324,263,198,177,164,203,158,167,101,193,153,133,115,115,88,90,63,84,103,109,53,54,76,89,64,50,93,129,62,89,87,139,51,87,16,70,100,52,38,61,43,392,68,49,105,47,0,30,51,39,70,389,38,33,60,49,26,374,38,22,104,43,60,31,16,35,26,59,37,34,27,41,22,24,13,22,66,34,34,45,24,48,11,37,35,25,91,4
last,950,1106,664,758,571,632,594,406,482,368,314,279,442,240,225,186,256,197,219,162,136,115,154,107,129,160,157,124,122,109,144,111,76,64,123,67,71,65,76,72,94,65,51,83,50,33,81,242,62,69,102,61,67,37,44,52,31,37,30,0,63,267,73,30,24,39,29,39,40,29,39,53,25,82,30,45,32,20,43,54,33,83,42,33,72,61,33,29,51,21,41,42,58,44,27,42,27,26,24,24
up,901,1030,736,740,560,495,489,525,495,395,285,324,312,280,206,199,264,159,174,154,124,163,114,128,110,117,112,118,131,108,101,80,73,67,98,78,71,53,86,92,85,54,88,84,58,68,46,65,54,38,52,55,55,41,43,58,67,55,51,63,0,52,64,39,42,60,66,39,40,33,29,26,65,29,63,49,17,40,32,39,34,22,40,28,47,41,36,31,37,45,30,45,35,31,43,49,18,52,46,34
week,856,1045,673,861,609,519,542,381,527,356,270,268,311,222,202,229,258,158,171,110,279,150,127,118,124,162,148,83,84,101,96,97,532,109,88,70,71,83,63,61,74,59,51,29,54,45,131,47,40,69,51,58,84,26,43,39,32,28,39,267,52,0,56,34,37,25,36,61,43,21,39,55,26,25,39,30,36,35,42,14,37,41,58,43,41,27,14,42,50,39,26,32,24,38,24,28,25,59,37,19
over,912,989,635,716,578,525,482,441,513,339,243,265,264,246,161,280,217,150,169,187,116,121,157,136,111,116,115,95,173,105,74,95,90,47,61,55,82,67,90,64,93,61,87,54,45,82,32,88,58,49,40,58,35,37,51,51,67,50,70,73,64,56,0,26,47,32,35,44,32,33,43,40,53,48,32,66,26,16,45,24,37,29,43,37,24,100,20,33,30,37,35,23,35,75,25,49,20,22,22,21
presidential,842,979,544,754,515,465,492,422,581,388,251,225,271,209,198,157,158,223,168,174,114,169,120,111,93,90,77,69,36,105,87,106,72,77,71,68,68,70,76,97,51,70,65,101,34,68,63,38,64,61,52,41,32,264,73,45,6,55,389,30,39,34,26,0,153,19,39,43,18,258,51,26,7,25,37,13,24,52,31,55,35,33,35,35,19,28,25,24,23,144,25,53,20,23,10,17,49,28,158,15
clinton,687,931,504,623,382,430,450,435,442,266,233,251,185,218,154,48,180,116,180,135,101,126,101,84,82,85,85,86,42,59,86,111,88,75,131,56,59,92,55,60,86,66,50,82,38,24,6,13,16,57,41,45,43,126,59,46,14,30,38,24,42,37,47,153,0,17,20,36,7,100,55,10,15,16,28,10,19,38,10,21,37,4,20,13,45,29,42,7,4,762,22,9,26,44,0,23,24,11,169,10
people,882,949,659,734,537,582,545,478,523,415,417,295,213,256,166,206,183,213,166,142,117,228,108,98,143,84,89,110,91,128,101,78,68,39,48,93,49,115,116,125,68,89,110,93,93,50,46,56,83,56,61,51,38,39,90,68,28,32,33,39,60,25,32,19,17,0,72,43,63,31,40,47,15,35,32,19,28,60,42,44,56,50,50,120,40,27,43,40,27,18,55,22,42,26,24,45,57,21,14,21
ap,878,1041,696,949,579,549,516,551,949,409,301,344,284,295,219,183,193,157,225,104,168,151,91,710,95,126,123,77,98,129,37,76,63,65,84,66,117,59,75,93,59,33,93,115,93,129,58,72,92,23,58,49,44,28,104,79,63,65,60,29,66,36,35,39,20,72,0,57,23,27,25,39,58,42,58,49,49,91,42,22,47,13,48,28,34,36,0,43,45,23,12,29,18,61,57,36,14,51,41,13
out,833,976,660,673,531,579,483,417,462,375,294,261,283,248,230,170,204,194,191,151,129,141,121,125,142,124,120,137,101,87,102,113,99,58,88,66,74,87,63,122,92,81,94,49,63,66,32,49,57,52,73,34,73,62,37,58,30,42,49,39,39,61,44,43,36,43,57,0,40,50,32,24,24,52,46,27,31,34,23,50,47,45,23,25,50,28,35,48,28,35,25,47,20,29,20,41,24,42,25,32
gun,585,826,578,676,405,405,378,276,390,428,220,261,242,173,190,120,114,149,134,134,106,127,117,82,109,70,71,76,36,80,54,52,66,34,24,71,148,67,75,63,59,65,75,93,71,18,4,53,32,48,40,58,33,19,75,21,3,67,26,40,40,43,32,18,7,63,23,40,0,20,24,27,0,27,7,11,42,13,32,31,18,33,11,18,27,14,21,4,82,9,43,19,13,27,24,13,16,4,13,1
donald,716,898,486,771,462,417,383,409,499,374,337,247,240,225,211,134,116,234,144,152,70,173,128,109,91,73,68,64,34,74,94,88,46,43,38,96,44,49,74,81,70,103,69,106,35,59,13,11,81,52,42,52,39,977,54,36,13,37,374,29,33,21,33,258,100,31,27,50,20,0,33,25,11,31,48,12,20,73,19,36,25,23,13,32,13,17,23,43,4,100,19,23,18,47,6,23,27,20,116,8
been,806,904,522,580,476,471,469,388,414,290,279,274,198,156,180,197,163,121,144,617,71,139,174,66,102,78,80,136,110,80,68,71,101,60,62,87,52,53,266,72,112,76,47,33,87,26,33,58,27,42,51,39,36,40,34,30,21,26,38,39,29,39,43,51,55,40,25,32,24,33,0,35,19,54,36,40,16,33,40,43,61,15,47,33,35,94,39,22,40,47,66,12,93,28,21,23,19,39,41,21
united,941,905,605,771,492,507,508,437,584,378,304,212,187,216,211,199,187,179,180,159,169,236,119,125,105,87,89,100,53,116,104,94,70,78,111,75,50,85,76,51,56,77,78,84,73,74,85,49,62,69,42,86,40,26,57,38,20,54,22,53,26,55,40,26,10,47,39,24,27,25,35,0,14,35,65,75,32,36,759,34,45,29,37,32,31,30,18,56,17,6,32,15,24,29,3,17,49,76,16,20
supreme,866,940,740,811,552,465,297,271,529,428,180,243,334,222,193,193,173,115,116,143,167,164,127,188,80,66,74,76,98,100,76,68,31,28,11,44,42,31,89,115,32,64,53,67,42,132,7,57,38,14,35,85,25,6,67,47,945,46,104,25,65,26,53,7,15,15,58,24,0,11,19,14,0,11,17,32,5,31,25,29,32,4,14,9,21,7,13,3,18,14,10,4,19,33,46,30,7,0,16,8
office,841,988,612,811,504,482,725,347,563,341,257,221,403,264,350,197,181,151,163,177,169,133,106,123,120,184,185,79,57,176,101,94,82,85,71,85,53,129,77,51,102,59,53,63,59,50,59,172,53,102,66,49,93,31,32,30,21,42,43,82,29,25,48,25,16,35,42,52,27,31,54,35,11,0,24,31,17,36,36,35,42,117,51,43,101,82,27,20,46,14,27,109,40,64,21,25,87,33,18,5
against,848,930,600,710,453,397,515,435,505,337,289,227,224,247,174,304,155,124,132,128,96,174,134,135,109,73,72,96,112,93,81,71,56,32,222,53,50,80,68,65,51,76,90,90,56,56,53,35,65,46,27,55,23,53,50,36,23,78,60,30,63,39,32,37,28,32,58,46,7,48,36,65,17,24,0,76,62,47,65,25,17,24,28,29,17,19,12,42,19,25,22,16,24,34,19,22,35,198,83,6
its,835,882,655,541,417,457,448,444,394,383,256,260,142,276,112,266,186,117,174,202,101,127,135,131,83,85,82,142,263,114,85,73,57,60,114,70,80,58,48,55,68,72,55,79,61,47,44,71,49,24,43,71,37,16,50,13,38,55,31,45,49,30,66,13,10,19,49,27,11,12,40,75,32,31,76,0,19,25,75,29,36,23,13,26,22,28,8,45,37,10,39,37,34,43,38,18,32,78,38,5
national,762,870,521,713,485,440,416,356,512,392,208,196,253,199,139,165,187,238,180,119,154,124,106,139,92,107,107,68,55,90,54,62,44,65,83,50,88,83,29,61,43,50,45,106,35,45,50,46,67,49,55,34,21,23,84,41,6,48,16,32,17,36,26,24,19,28,49,31,42,20,16,32,5,17,62,19,0,45,28,20,15,28,20,27,23,14,15,8,17,17,29,21,12,31,28,15,14,42,36,15
says,720,892,494,685,412,377,365,373,512,203,274,211,215,292,309,178,104,108,94,112,163,35,84,134,98,144,146,121,89,95,71,96,49,38,54,78,67,44,78,58,100,74,85,17,69,21,35,41,23,31,27,34,36,77,21,26,29,24,35,20,40,35,16,52,38,60,91,34,13,73,33,36,31,36,47,25,45,0,36,33,46,27,16,30,33,22,17,27,25,37,12,12,18,32,28,29,16,35,28,10
states,888,871,603,691,484,495,490,423,517,341,316,203,174,208,190,169,168,139,172,175,151,215,115,119,92,58,63,116,109,121,92,91,69,71,104,66,57,81,93,54,56,83,81,84,80,74,73,52,46,58,42,86,38,19,61,49,38,53,26,43,32,42,45,31,10,42,42,23,32,19,40,759,25,36,65,75,28,36,0,33,51,30,43,30,34,29,17,47,22,6,31,15,28,25,23,17,42,72,22,15
what,674,829,544,548,475,448,414,328,356,256,247,227,224,297,298,126,167,151,196,145,114,136,74,70,109,68,65,168,57,77,111,161,106,64,68,116,33,62,89,63,70,69,69,50,52,42,58,60,40,41,57,45,52,51,38,46,29,24,59,54,39,14,24,55,21,44,22,50,31,36,43,34,29,35,25,29,20,33,33,0,28,30,19,23,34,30,61,32,22,20,16,57,33,18,13,63,28,19,33,23
than,704,837,520,604,470,408,445,342,423,278,261,263,216,268,176,179,146,130,113,185,116,149,92,103,90,68,62,102,94,102,98,83,76,55,69,51,70,71,88,68,79,40,90,50,599,41,36,85,31,32,50,59,54,34,41,40,35,45,37,33,34,37,37,35,37,56,47,47,18,25,61,45,32,42,17,36,15,46,51,28,0,24,50,33,30,74,31,36,53,21,43,35,38,27,34,17,27,27,26,16
address,819,898,589,747,443,581,488,309,465,399,200,181,472,162,158,145,128,176,136,85,217,112,90,126,125,108,96,74,44,110,93,69,66,65,417,91,44,53,32,46,59,67,35,132,31,28,25,67,23,78,54,19,33,28,33,29,4,21,34,83,22,41,29,33,4,50,13,45,33,23,15,29,4,117,24,23,28,27,30,30,24,0,22,46,55,29,15,24,50,1,23,238,26,20,10,19,142,39,18,31
two,753,835,551,648,456,463,471,470,469,319,205,285,215,187,130,212,183,136,133,123,126,110,93,96,104,125,120,70,83,80,73,63,75,95,59,50,51,104,66,62,59,48,68,50,64,59,108,54,61,52,79,37,41,13,51,55,18,67,27,42,40,58,43,35,20,50,48,23,11,13,47,37,14,51,28,13,20,16,43,19,50,22,0,29,33,78,11,50,37,16,29,26,50,27,26,23,27,17,27,27
american,769,800,551,629,428,475,422,344,431,292,231,192,188,189,154,224,152,131,132,136,138,108,113,65,157,74,72,78,73,87,107,73,80,124,49,70,57,62,57,54,48,58,56,43,38,74,119,39,31,55,40,51,59,39,33,38,13,25,41,33,28,43,37,35,13,120,28,25,18,32,33,32,9,43,29,26,27,30,30,23,33,46,29,0,27,52,17,23,26,11,26,23,21,36,6,20,36,43,30,14
time,734,788,465,598,456,415,447,330,376,278,210,373,262,228,184,152,160,216,137,137,153,91,62,91,85,133,129,135,60,89,96,66,124,204,41,49,44,42,49,48,60,48,70,45,48,62,57,72,38,57,67,41,68,14,28,55,23,26,22,72,47,41,24,19,45,40,34,50,27,13,35,31,21,101,17,22,23,33,34,34,30,55,33,27,0,32,39,17,16,42,28,39,33,35,17,20,45,24,41,15
years,707,802,496,549,446,458,494,331,406,242,250,307,230,169,194,148,137,117,129,210,112,105,104,98,116,90,96,107,83,88,114,62,54,134,39,59,74,145,112,61,89,53,35,37,97,62,65,44,34,34,62,43,58,26,44,39,13,14,24,61,41,27,100,28,29,27,36,28,14,17,94,30,7,82,19,28,14,22,29,30,74,29,78,52,32,0,38,27,35,25,22,26,34,57,28,26,24,9,29,21
i,494,597,386,334,307,302,272,259,183,178,253,152,130,166,158,50,125,98,97,64,63,163,67,18,68,38,39,130,26,54,127,84,123,49,34,78,15,31,108,53,94,71,45,22,46,20,18,30,14,27,50,53,81,39,17,20,16,16,13,33,36,14,20,25,42,43,0,35,21,23,39,18,13,27,12,8,15,17,17,61,31,15,11,17,39,38,0,10,7,34,29,9,53,19,4,21,15,7,17,12
world,725,749,526,619,416,447,448,393,488,308,224,189,185,166,183,240,154,163,152,136,114,152,127,80,112,48,48,61,17,104,79,82,78,113,42,57,26,60,41,70,64,60,67,42,60,35,98,30,110,54,61,35,51,51,43,46,3,30,22,29,31,42,33,24,7,40,43,48,4,43,22,56,3,20,42,45,8,27,47,32,36,24,50,23,17,27,10,0,5,3,28,19,17,39,1,17,32,28,13,22
congress,635,785,637,627,440,389,381,358,404,354,212,294,240,177,156,164,99,89,90,150,152,154,112,137,100,84,72,81,111,92,66,76,58,28,58,38,71,54,50,32,56,42,46,95,81,38,1,72,41,30,45,74,26,4,30,19,23,54,66,51,37,50,30,23,4,27,45,28,82,4,40,17,18,46,19,37,17,25,22,22,53,50,37,26,16,35,7,5,0,3,36,56,13,26,20,19,11,9,12,0
hillary,551,750,421,568,298,355,351,346,407,219,198,217,153,184,128,44,160,100,135,113,95,99,72,83,64,78,79,62,33,42,61,95,82,63,118,44,51,78,41,48,71,56,39,76,27,21,6,15,14,45,39,32,33,107,53,39,12,28,34,21,45,39,37,144,762,18,23,35,9,100,47,6,14,14,25,10,17,37,6,20,21,1,16,11,42,25,34,3,3,0,14,9,18,39,0,22,21,8,149,9
which,711,788,533,496,442,405,445,287,356,325,160,245,159,235,171,190,127,108,105,179,140,119,131,53,106,83,77,89,93,92,116,79,62,61,31,65,69,48,75,34,51,63,51,59,64,41,35,55,72,35,56,86,31,24,46,30,15,41,34,41,30,26,35,25,22,55,12,25,43,19,66,32,10,27,22,39,29,12,31,16,43,23,29,26,28,22,29,28,36,14,0,20,37,28,30,32,29,11,25,27
final,700,805,512,661,403,582,469,309,456,305,201,209,590,187,151,129,144,155,167,97,174,60,53,123,111,147,137,69,65,68,63,83,44,52,310,40,48,46,35,50,58,37,36,141,44,23,43,201,30,56,57,31,28,22,32,25,5,25,45,42,45,32,23,53,9,22,29,47,19,23,12,15,4,109,16,37,21,12,15,57,35,238,26,23,39,26,9,19,56,9,20,0,17,26,13,21,10,18,18,23
had,639,755,470,523,469,357,384,312,371,279,314,204,182,81,231,155,189,117,101,102,31,177,94,88,107,102,93,119,58,86,126,47,61,54,44,77,46,69,79,91,83,70,23,35,50,55,30,50,60,47,50,57,56,29,38,33,22,30,24,58,35,24,35,20,26,42,18,20,13,18,93,24,19,40,24,34,12,18,28,33,38,26,50,21,33,34,53,17,13,18,37,17,0,33,8,35,21,14,17,15
into,687,764,450,592,450,414,322,357,454,283,221,171,209,165,187,184,131,102,130,125,101,84,115,119,98,68,59,82,75,72,76,83,67,75,56,52,55,66,55,58,64,51,48,38,43,93,40,55,48,22,58,46,53,45,50,45,39,32,48,44,31,38,75,23,44,26,61,29,27,47,28,29,33,64,34,43,31,32,25,18,27,20,27,36,35,57,19,39,26,39,28,26,33,0,21,25,29,28,23,13
federal,650,725,512,500,454,365,331,309,317,281,192,249,119,180,86,99,120,63,92,115,123,89,132,126,100,55,50,69,190,97,45,65,28,30,52,26,124,44,52,67,26,32,46,54,56,74,5,50,80,14,29,38,18,2,45,45,88,59,11,27,43,24,25,10,0,24,57,20,24,6,21,3,46,21,19,38,28,28,23,13,34,10,26,6,17,28,4,1,20,0,30,13,8,21,0,9,8,3,0,3
they,578,681,456,444,343,313,311,373,312,242,248,179,115,142,94,110,159,99,157,51,102,112,73,82,73,69,65,78,90,81,43,66,56,46,62,51,60,51,109,51,69,67,155,47,46,49,24,44,36,19,36,65,67,28,39,100,33,27,37,42,49,28,49,17,23,45,36,41,13,23,23,17,30,25,22,18,15,29,17,63,17,19,23,20,20,26,21,17,19,22,32,21,35,25,9,0,8,18,19,23
sunday,640,762,459,680,432,362,439,293,419,504,207,147,190,117,130,203,117,171,130,58,173,159,90,74,134,91,89,83,28,108,85,54,37,71,68,70,41,66,31,27,39,54,20,5,46,6,66,17,9,39,34,43,21,28,7,18,6,14,35,27,18,25,20,49,24,57,14,24,16,27,19,49,7,87,35,32,14,16,42,28,27,142,27,36,45,24,15,32,11,21,29,10,21,29,8,8,0,54,8,21
islamic,720,747,536,634,336,361,409,402,440,340,227,153,184,195,127,267,167,116,147,94,139,169,111,114,114,68,65,45,83,87,54,57,39,50,584,74,37,82,48,17,28,66,73,84,57,84,66,30,19,39,23,56,18,24,31,19,0,74,25,26,52,59,22,28,11,21,51,42,4,20,39,76,0,33,198,78,42,35,72,19,27,39,17,43,24,9,7,28,9,8,11,18,14,28,3,18,54,0,58,0
campaign,622,705,442,523,418,318,391,325,408,285,175,205,220,185,149,148,160,139,109,115,111,107,108,87,90,74,72,57,30,65,73,61,57,74,92,59,50,62,37,52,41,58,38,105,49,51,33,24,28,47,41,42,33,126,46,35,15,39,91,24,46,37,22,158,169,14,41,25,13,116,41,16,16,18,83,38,36,28,22,33,26,18,27,30,41,29,17,13,12,149,25,18,17,23,0,19,8,58,0,8
michelle,560,758,335,237,310,344,297,446,199,228,127,146,99,95,53,79,160,173,128,58,95,44,85,62,55,119,120,60,2,75,70,51,55,477,55,42,34,32,32,40,49,32,49,23,30,32,22,43,57,52,53,17,52,12,25,71,8,19,4,24,34,19,21,15,10,21,13,32,1,8,21,20,8,5,6,5,15,10,15,23,16,31,27,14,15,21,12,22,0,9,27,23,15,13,3,23,21,0,8,0
